Criteria: Estimation-Maximisation
seed = 433
Time[min] = 3.1717618306477864e-05
mu1 = 
[4.78158746 0.78336927]
mu2 = 
[6.47950658 2.39264914]
sigma1 = 
[[0.4235327  0.44287003]
 [0.44287003 0.4738457 ]]
sigma2 = 
[[2.14071856 2.2860905 ]
 [2.2860905  2.44143129]]
X1 = 
[[ 4.88464463  0.82673593]
 [ 4.35570143  0.3884457 ]
 [ 5.05451384  0.99687635]
 [ 5.09026949  1.24350281]
 [ 6.13349156  2.17501   ]
 [ 4.13757093  0.09540481]
 [ 5.59013701  1.69473469]
 [ 4.46969055  0.55591976]
 [ 4.6890129   0.50104475]
 [ 4.30446118  0.19969525]
 [ 3.91065168 -0.13398126]
 [ 4.02692801 -0.09591232]
 [ 5.13728713  1.16697069]
 [ 5.51359725  1.70743571]
 [ 4.15501227 -0.07684145]
 [ 4.02972055 -0.02328659]]
X2 = 
[[ 5.32863294  1.18033253]
 [ 7.55199144  3.55737927]
 [ 6.49178173  2.40324901]
 [ 5.41037129  1.23835599]
 [ 4.90979649  0.72478183]
 [ 6.58552371  2.51634676]
 [ 4.8577503   0.66515551]
 [10.20134934  6.3632749 ]
 [ 5.69586262  1.55010075]
 [ 5.92482966  1.80314563]
 [ 5.87032495  1.74036695]
 [ 6.54292133  2.4603025 ]
 [ 7.22882931  3.18869942]
 [ 2.96283672 -1.37146148]
 [ 6.6701149   2.60756923]
 [10.53088138  6.70598277]]
y = 
[0 0 0 0 0 0 0 0 0 0 0 0 0 0 0 0 0 0 0 0 0 0 0 1 0 0 0 0 0 0 0 1]