Criteria: Estimation-Maximisation
seed = 170
Time[min] = 2.400477727254232e-05
mu1 = 
[0.52645418 2.26861783]
mu2 = 
[7.4135356  0.17103674]
sigma1 = 
[[2.61776461 2.81108526]
 [2.81108526 3.11528176]]
sigma2 = 
[[ 85.87469488  94.9319859 ]
 [ 94.9319859  104.95200493]]
X1 = 
[[ 0.49710491  2.44373294]
 [ 2.26241255  4.56993725]
 [-0.79852081  0.72374254]
 [-0.41490146  1.77164205]
 [-0.33230732  1.41658549]
 [ 2.52144942  4.53152586]
 [ 0.04041278  1.54723545]
 [-0.61657225  0.67430447]
 [-0.54744414  1.52921623]
 [ 0.1270222   1.72346288]
 [-0.28049062  1.11671342]
 [-0.04032439  1.64389689]
 [ 0.53697523  1.84838632]]
X2 = 
[[ 8.37405966  1.15927948]
 [ 7.60717198  0.38186152]
 [26.50062491 21.39114099]
 [13.57578314  7.03045598]
 [28.39613597 23.46512573]
 [ 2.26929174 -5.52282242]
 [ 7.02645284 -0.16786895]
 [ 2.36980906 -5.34730006]
 [13.05052263  6.42811136]
 [ 2.56551438 -5.17642814]
 [25.13641867 19.71798433]
 [23.39999501 17.88045087]
 [26.94232982 21.82153021]]
y = 
[0 0 0 0 0 0 0 0 0 0 0 0 0 0 0 1 0 1 0 0 0 0 0 1 1 1]