Criteria: Estimation-Maximisation
seed = 300
Time[min] = 2.574920654296875e-05
mu1 = 
[4.51122569 2.21022342]
mu2 = 
[8.11094366 4.00790541]
sigma1 = 
[[0.98172607 2.36297836]
 [2.36297836 6.1740848 ]]
sigma2 = 
[[ 56.8004535  148.21208538]
 [148.21208538 386.77689794]]
X1 = 
[[ 4.51780762  1.99494263]
 [ 2.80643504 -1.3022933 ]
 [ 4.00254449  1.66647086]
 [ 4.17983046  2.71020011]
 [ 5.10769419  3.99306624]
 [ 4.18669364  0.71213643]
 [ 5.99397853  4.66185976]
 [ 3.17127712 -2.0665664 ]]
X2 = 
[[ 16.93961471  26.98672194]
 [-16.44696209 -59.75545275]
 [ 18.15357179  30.0113763 ]
 [ 14.51465771  20.93763783]
 [  8.46032165   4.95324732]
 [ -4.38324944 -28.60711472]
 [ 16.17429408  25.0524031 ]
 [ 11.55150887  13.21427581]]
y = 
[1 1 1 1 1 1 1 1 1 0 1 1 1 0 1 1]