Criteria: Estimation-Maximisation
seed = 144
Time[min] = 2.3567676544189452e-05
mu1 = 
[0.93344058 8.90943013]
mu2 = 
[4.59043819 8.07376173]
sigma1 = 
[[0.52837432 1.22045611]
 [1.22045611 3.08605358]]
sigma2 = 
[[15.17431061 38.30878713]
 [38.30878713 96.72677993]]
X1 = 
[[ 1.56653858 11.03894942]
 [ 1.48553591 10.38792978]
 [ 1.23640424 10.10878569]
 [ 1.83141097 11.6158309 ]
 [ 0.48447495  6.59640507]
 [ 0.85634209  8.88276376]
 [ 0.48952442  7.95791065]
 [ 0.35778676  8.04288145]
 [ 2.18771076 11.93697438]
 [ 1.28255925  9.17521904]
 [-0.40884936  4.93212753]]
X2 = 
[[  2.44548258   2.56752618]
 [  1.47021911   0.19129904]
 [  3.74235271   6.00800966]
 [  6.71311142  13.45157352]
 [  5.74741323  11.02606076]
 [ -0.22339072  -4.24074384]
 [  3.7028626    5.8070622 ]
 [  6.00146393  11.61441975]
 [ -3.23649631 -11.56396174]
 [ 11.00570532  24.12153362]
 [ 11.50836614  25.40132019]]
y = 
[0 0 0 0 0 0 0 0 0 0 0 0 0 0 0 0 0 0 0 0 1 1]