Criteria: Estimation-Maximisation
seed = 261
Time[min] = 2.4366378784179688e-05
mu1 = 
[8.00935924 4.85810694]
mu2 = 
[9.44156192 1.42929436]
sigma1 = 
[[4.3912769  4.38524952]
 [4.38524952 5.05991554]]
sigma2 = 
[[211.58744633 241.14676668]
 [241.14676668 275.25786569]]
X1 = 
[[ 5.07689593  0.50561196]
 [ 9.53015131  6.34481869]
 [ 8.69177304  4.28224791]
 [ 9.62787538  7.60568848]
 [ 6.54175509  4.12730401]
 [10.06073143  6.76022595]
 [ 5.16160078  3.37479667]
 [10.84263625  9.15164557]
 [10.4095475   6.67530078]]
X2 = 
[[ -6.58533947 -17.7227684 ]
 [ -5.52330563 -15.76838709]
 [ 21.90921686  16.33445915]
 [-21.8793609  -34.97515651]
 [ -8.39361277 -17.79161637]
 [ 13.69818104   5.82957762]
 [ -2.10878941 -12.91247321]
 [ -4.38378702 -14.92145131]
 [-16.32453864 -27.75784305]]
y = 
[1 1 1 1 1 1 1 1 1 0 0 1 0 0 1 0 0 0]