Criteria: Estimation-Maximisation
seed = 118
Time[min] = 2.4600823720296225e-05
mu1 = 
[9.42651571 5.79137893]
mu2 = 
[1.30848279 5.71918637]
sigma1 = 
[[8.26534554 8.56126827]
 [8.56126827 9.2051408 ]]
sigma2 = 
[[801.26908121 858.83863949]
 [858.83863949 920.6414864 ]]
X1 = 
[[ 3.13937848 -0.6525354 ]
 [ 8.07859537  5.0030908 ]
 [ 7.25385521  3.62953908]
 [ 9.86151253  6.74798858]
 [ 5.34822387  2.08822307]
 [16.77853161 13.33801331]
 [11.51789806  8.63934171]
 [ 9.72549348  6.7716418 ]
 [ 8.28818571  3.29580151]]
X2 = 
[[ 17.71476959  24.02928561]
 [  9.49357181  14.43759899]
 [  8.87424763  14.26591929]
 [ 28.64948739  35.18224377]
 [ 55.09268932  63.1529585 ]
 [ 31.73094657  38.24401945]
 [  9.97495152  14.95563043]
 [-21.92307141 -19.35724744]
 [-27.38133648 -24.47195142]]
y = 
[0 0 0 0 0 0 0 0 0 0 0 0 0 0 0 0 1 1]