Criteria: Estimation-Maximisation
seed = 404
Time[min] = 2.794663111368815e-05
mu1 = 
[6.68825086 3.50711315]
mu2 = 
[4.72162053 0.06247251]
sigma1 = 
[[1.57067417 2.59893858]
 [2.59893858 8.4280007 ]]
sigma2 = 
[[ 70.0118346  223.12064716]
 [223.12064716 717.06643993]]
X1 = 
[[ 5.52246317 -0.07449121]
 [ 6.40067785  5.79749757]
 [ 6.04222729 -0.59997294]
 [ 4.36322322  0.95530447]
 [ 4.92115112  1.04612856]
 [ 5.82979776  2.5264229 ]
 [ 8.76667834  7.1627842 ]
 [ 6.77490558  4.60629229]
 [ 7.07359587  6.61524254]
 [ 6.51487678  3.46782719]
 [ 7.43852864  4.85543325]
 [ 6.19384376  2.10522416]
 [ 7.30534073  3.87830537]
 [ 6.3815405   1.86901426]
 [ 6.55066957  3.90944686]
 [ 5.18245017 -1.66454551]]
X2 = 
[[ -3.32114591 -23.10553142]
 [  8.53324945  11.9395315 ]
 [ -9.63130518 -43.32569986]
 [  7.72374353  10.9978798 ]
 [ -8.53156465 -43.65524532]
 [  9.12916217  11.03966136]
 [-12.00428739 -53.07226242]
 [ 12.72301346  25.76654864]
 [  9.05045534  11.91849574]
 [ 12.96119829  28.75003738]
 [ -4.33204261 -23.59396392]
 [ 10.34390303  19.76206984]
 [  4.96678846   1.18930967]
 [  2.53304947  -7.42260907]
 [ 15.98123836  36.69907261]
 [ 18.40015712  44.41641125]]
y = 
[0 0 0 0 0 0 0 0 0 0 0 0 0 0 0 0 1 0 1 0 1 0 1 0 0 0 1 0 0 0 0 0]