Criteria: Estimation-Maximisation
seed = 429
Time[min] = 9.945233662923177e-05
mu1 = 
[3.63125873 3.3465538 ]
mu2 = 
[7.69385218 5.22466924]
sigma1 = 
[[6.19933766 2.54359823]
 [2.54359823 1.09456035]]
sigma2 = 
[[103.13070714  43.60984192]
 [ 43.60984192  18.45051547]]
X1 = 
[[ 3.49733112  3.40962448]
 [ 2.9893552   2.92427908]
 [-0.86081092  1.78228288]
 [ 8.04853013  4.68503284]
 [ 0.12420937  1.94575166]
 [ 5.90375305  4.51375416]
 [ 1.26136457  2.43406408]
 [ 2.12215185  2.48137043]
 [ 6.34794828  4.50307759]
 [ 2.86062048  3.0009342 ]
 [ 2.55206467  3.13375798]
 [ 1.80990634  2.32585351]
 [ 4.81544422  3.58878138]
 [ 1.35669918  2.25652699]
 [ 5.66865704  4.0565103 ]
 [ 4.49538434  3.55931459]
 [ 3.09206376  2.97348676]
 [ 6.154611    4.34017713]
 [ 7.21438275  5.19468804]
 [ 2.02534926  2.32198285]]
X2 = 
[[ -3.76420816   0.42174271]
 [ 13.11422387   7.66650099]
 [ -1.57907636   1.38904925]
 [ -3.79926641   0.21753833]
 [ -1.7111923    1.19869391]
 [ 10.97226609   6.4659853 ]
 [ -7.12998501  -1.05191448]
 [  7.669212     5.22003596]
 [ -3.44042311   0.58126059]
 [  0.79391454   2.17194665]
 [ 14.92644733   8.10486499]
 [ -5.76556587  -0.60178672]
 [  7.81388668   5.31246255]
 [ 14.83973155   8.32684836]
 [ 21.05568931  10.86804342]
 [-10.2566628   -2.34313174]
 [  8.27024721   5.46156113]
 [ 17.13203078   9.08015757]
 [ 27.35530369  13.57429095]
 [ 13.96267876   7.7901783 ]]
y = 
[1 0 1 0 0 1 0 0 1 0 1 0 0 0 0 0 0 0 1 0 1 1 1 1 1 1 1 1 1 0 1 1 1 1 1 1 1
 1 1 1]