Criteria: Estimation-Maximisation
seed = 325
Time[min] = 2.480347951253255e-05
mu1 = 
[9.2773461  9.81048546]
mu2 = 
[7.99761048 7.90384443]
sigma1 = 
[[4.85468766 5.49313831]
 [5.49313831 6.257     ]]
sigma2 = 
[[325.3136775  370.37313485]
 [370.37313485 421.67505817]]
X1 = 
[[ 9.2757929  10.12500948]
 [ 7.02270975  6.80617231]
 [11.06798129 12.14379776]
 [ 8.86759565  9.56577255]
 [ 7.47851252  7.79741364]
 [ 6.96850966  7.51922761]
 [ 7.216945    7.47590326]
 [ 7.31710984  7.63766262]
 [ 5.63896571  5.88533763]
 [ 6.76969705  6.94350516]
 [ 9.84858567 10.70779867]
 [ 9.52103015 10.17992641]]
X2 = 
[[-10.9241055  -13.58603125]
 [ -3.59021758  -5.29505036]
 [  4.53674613   3.96106688]
 [  9.70288079   9.78903373]
 [ 11.40394898  11.81227419]
 [ 47.09480945  52.43753351]
 [ 39.46110383  43.7683934 ]
 [ 33.22029224  36.65429865]
 [ -8.06489434 -10.38268351]
 [-35.76317538 -41.97742039]
 [-10.84630677 -13.54926683]
 [ -6.74124847  -8.8559783 ]]
y = 
[1 1 1 1 1 1 1 1 1 1 1 1 1 1 1 1 1 1 1 1 1 0 1 1]