Criteria: Estimation-Maximisation
seed = 338
Time[min] = 4.1317939758300784e-05
mu1 = 
[1.17535012 5.62434873]
mu2 = 
[0.95285828 4.78766575]
sigma1 = 
[[2.33671608 0.95982681]
 [0.95982681 0.63697916]]
sigma2 = 
[[14.67291715  8.3567395 ]
 [ 8.3567395   4.97869198]]
X1 = 
[[ 1.08301789  5.969526  ]
 [-0.85282351  4.02798085]
 [ 2.40217802  6.4709795 ]
 [ 0.55855792  6.32040843]
 [ 2.87746576  5.81097868]
 [ 1.1148363   5.78749834]
 [ 1.71561147  5.50349921]
 [ 1.53483345  5.63414761]
 [ 2.66092929  6.29046714]
 [-0.28433611  4.48701609]
 [ 1.95789816  6.84173557]
 [ 0.38565745  5.41760286]
 [ 2.53758076  6.04710393]]
X2 = 
[[ 1.13291055  5.05849636]
 [-2.71561043  2.00052619]
 [ 5.93218906  8.22481637]
 [ 0.48311601  5.17277551]
 [-0.91671008  3.92819233]
 [ 0.27956214  4.87300373]
 [ 2.42011268  5.29159981]
 [-9.10511444 -1.79756343]
 [-4.04369069  1.82441014]
 [ 8.24642376  9.37050002]
 [11.66228254 10.96889342]
 [ 0.19938352  4.67169708]
 [-2.32701037  3.82774356]]
y = 
[0 0 0 0 0 0 0 0 0 0 0 0 0 0 1 0 0 0 0 0 1 1 0 0 0 0]