Criteria: Estimation-Maximisation
seed = 451
Time[min] = 8.369684219360352e-05
mu1 = 
[7.72988442 6.63131796]
mu2 = 
[8.87155424 6.00557984]
sigma1 = 
[[0.9277192  0.99630692]
 [0.99630692 1.10175502]]
sigma2 = 
[[10.78693771 11.90115454]
 [11.90115454 13.13126865]]
X1 = 
[[7.87413555 6.92104524]
 [8.51137161 7.62916916]
 [7.51303429 6.09285548]
 [8.36496738 6.96626583]
 [8.27868361 7.15069437]
 [5.62856378 4.33776955]
 [7.09685843 5.91166894]
 [6.86564791 5.39940639]
 [7.14859083 6.33048262]
 [8.77493691 7.67931445]
 [7.78301205 6.74850718]
 [9.04895087 7.66218417]
 [5.87482187 4.58691866]
 [7.91252559 6.8206672 ]
 [8.47066804 7.71686706]]
X2 = 
[[10.15851613  7.42424014]
 [ 9.72166008  6.84966608]
 [ 8.28369219  5.35537721]
 [ 4.38759687  1.00975837]
 [ 2.3275114  -1.24138464]
 [12.03946046  9.50762588]
 [10.18486171  7.44581223]
 [13.25278807 10.88997385]
 [10.59133561  7.91791996]
 [ 6.03800854  2.84268055]
 [ 9.29889689  6.49052957]
 [11.68256267  9.10477089]
 [11.84562698  9.2445019 ]
 [12.23832124  9.72954115]
 [ 8.39714233  5.46205299]]
y = 
[1 1 1 1 1 1 1 1 1 1 1 1 1 1 1 0 0 0 0 0 0 0 0 0 0 0 0 0 0 0]