Criteria: Estimation-Maximisation
seed = 420
Time[min] = 3.683169682820638e-05
mu1 = 
[3.15645915 4.53030677]
mu2 = 
[3.52518708 0.67537599]
sigma1 = 
[[0.18993302 0.91773688]
 [0.91773688 4.7192931 ]]
sigma2 = 
[[  8.45848433  43.48500169]
 [ 43.48500169 223.55951437]]
X1 = 
[[2.42714107 1.71230762]
 [3.5604334  6.18358367]
 [3.57248075 5.48052165]
 [2.89920243 3.41882925]
 [3.37969643 6.06502833]
 [3.1443293  5.31732084]
 [3.05747531 3.31663649]
 [3.94557193 8.29585314]
 [3.17640567 3.69203137]
 [2.50604322 1.66143584]
 [3.53868481 7.1104769 ]
 [2.80922115 3.47961038]
 [3.08817773 3.08221057]
 [2.98112536 3.79723804]
 [3.54940055 6.74931661]]
X2 = 
[[  6.39517617  15.4991052 ]
 [ -3.13816379 -33.51633195]
 [  5.16193418   9.13163678]
 [  3.05320321  -1.79411519]
 [  5.07217248   8.59346781]
 [  5.41749953  10.40491853]
 [  6.04537873  13.5815365 ]
 [  3.36518245  -0.27920352]
 [  2.77588641  -3.2432719 ]
 [  5.17096813   9.07559027]
 [  7.46693265  20.83028208]
 [ -1.00488386 -22.71690875]
 [ -0.50947864 -20.06525945]
 [  5.11853777   8.91082302]
 [  7.11983939  19.19724882]]
y = 
[1 1 1 1 1 1 1 1 1 1 1 1 1 1 1 1 0 1 1 1 1 1 1 1 1 1 0 0 1 1]