Criteria: Estimation-Maximisation
seed = 313
Time[min] = 3.119707107543945e-05
mu1 = 
[1.65539624 5.50104366]
mu2 = 
[8.69587486 1.72400475]
sigma1 = 
[[4.55952113 4.28032738]
 [4.28032738 4.04099887]]
sigma2 = 
[[204.00125792 192.48422418]
 [192.48422418 181.61792097]]
X1 = 
[[-1.19701751  2.4216744 ]
 [-1.39284703  2.58293434]
 [ 5.10601074  8.86296012]
 [ 3.16440061  6.92844978]
 [ 0.49881592  4.63197151]
 [ 6.46883334  9.90917643]
 [ 3.57072864  7.21855143]
 [ 4.52012858  8.29026974]
 [ 6.85655217 10.49677697]]
X2 = 
[[22.18943119 14.50583108]
 [-3.32843929 -9.61140737]
 [10.96857229  3.87370012]
 [20.28578797 12.61307096]
 [42.22403158 33.35731595]
 [ 3.74435906 -2.95118273]
 [21.16843808 13.47592494]
 [16.43694531  9.04659076]
 [36.17101352 27.65395679]]
y = 
[1 1 1 1 1 1 1 1 1 0 0 0 0 0 0 0 0 0]