Criteria: Estimation-Maximisation
seed = 425
Time[min] = 4.393259684244792e-05
mu1 = 
[7.58054466 2.69384168]
mu2 = 
[4.83201509 5.62558167]
sigma1 = 
[[2.09869256 3.34692982]
 [3.34692982 6.08166146]]
sigma2 = 
[[116.42390279 210.57311787]
 [210.57311787 381.06800068]]
X1 = 
[[ 8.5640969   3.80216949]
 [ 7.48834252  3.23314935]
 [ 9.79175991  7.40571992]
 [ 7.34848186  2.70971283]
 [ 5.71268757 -0.16205721]
 [ 6.38710491 -1.3092237 ]
 [ 8.49401261  5.72637863]
 [ 6.66120333 -0.6660097 ]
 [ 7.49844445  1.77514815]
 [ 9.40306398  5.55625441]
 [ 9.30773075  6.04620006]
 [ 7.55064473  2.97573154]
 [ 6.99164415  2.21930012]]
X2 = 
[[ 16.28253405  26.69919715]
 [  5.3380348    6.38671377]
 [ 10.4805922   15.58970514]
 [  2.82992001   2.41333008]
 [ -2.89262617  -8.23864851]
 [  9.92267478  14.7189127 ]
 [-16.97283011 -33.80013821]
 [  7.26022718   9.95778146]
 [  7.18264187  10.03819029]
 [ 11.6319925   18.18834128]
 [ -1.06682714  -4.9897941 ]
 [-10.11477364 -20.89368807]
 [ -4.51332841 -11.35969881]]
y = 
[1 1 1 1 1 1 1 1 1 1 1 1 1 0 0 0 0 0 0 0 0 0 0 0 0 0]