Criteria: Estimation-Maximisation
seed = 303
Time[min] = 5.069573720296224e-05
mu1 = 
[7.50148423 2.81035071]
mu2 = 
[1.87032784 3.60300426]
sigma1 = 
[[6.87883042 3.8718133 ]
 [3.8718133  2.28056926]]
sigma2 = 
[[197.22769003 114.93293097]
 [114.93293097  67.00089972]]
X1 = 
[[ 5.95273318  1.40856283]
 [ 9.87287377  4.28957712]
 [ 7.30969374  2.41165946]
 [10.3407611   4.64277355]
 [ 6.58891573  2.82042187]
 [ 7.15732806  2.54067308]]
X2 = 
[[  1.34500935   3.22068443]
 [ -2.74007216   0.51387727]
 [-13.33008553  -5.44948881]
 [ 22.87530317  15.84963984]
 [  3.86974936   4.65124913]
 [ 18.50786368  13.21017162]]
y = 
[1 1 1 1 1 1 0 0 0 0 0 0]