Criteria: Estimation-Maximisation
seed = 373
Time[min] = 3.585020701090495e-05
mu1 = 
[6.94331829 5.83255408]
mu2 = 
[7.59948231 4.15432382]
sigma1 = 
[[0.77950646 1.48311048]
 [1.48311048 4.81860386]]
sigma2 = 
[[ 22.60379718  72.6213129 ]
 [ 72.6213129  234.3890484 ]]
X1 = 
[[7.94566936 8.9893183 ]
 [6.91817248 5.40090541]
 [5.47722609 5.02941305]
 [6.67619447 8.08588622]
 [7.14324447 8.13576866]
 [6.14492991 4.1969287 ]
 [6.95413271 6.71696332]
 [7.02037255 6.05246257]
 [7.5000261  8.31558043]]
X2 = 
[[  1.44847982 -14.95139963]
 [  8.51642128   7.96705369]
 [  3.70292431  -8.31843129]
 [  5.65456589  -2.6989646 ]
 [  8.51844002   9.1899994 ]
 [  7.61183903   4.93187987]
 [ 10.06992014  12.08687555]
 [  9.07904432   9.5015855 ]
 [  0.5830235  -19.30093468]]
y = 
[0 0 0 0 0 0 0 0 0 1 0 1 1 0 0 0 0 1]