Criteria: Estimation-Maximisation
seed = 108
Time[min] = 5.785226821899414e-05
mu1 = 
[2.33611136 0.34387622]
mu2 = 
[8.73195969 1.26964903]
sigma1 = 
[[0.50320817 1.2808031 ]
 [1.2808031  5.14504159]]
sigma2 = 
[[ 16.65778434  66.54236287]
 [ 66.54236287 266.35498595]]
X1 = 
[[ 2.63422625  1.69928152]
 [ 3.40283879  1.23958447]
 [ 1.91871821  0.22891927]
 [ 1.25800737 -2.5544951 ]
 [ 2.76593004  1.53828872]
 [ 2.69232472  2.4009716 ]
 [ 2.78452974  2.99452712]
 [ 0.99397431 -2.82379058]]
X2 = 
[[  7.51740974  -2.26235557]
 [  7.27655561  -4.69617755]
 [  7.22272533  -4.89473768]
 [  8.97294391   2.9733592 ]
 [  5.75570468 -10.71319872]
 [  3.19378955 -19.71977756]
 [ 14.45397936  24.20843656]
 [ 12.5114708   16.39126537]]
y = 
[0 0 0 0 0 0 0 0 0 0 0 0 0 0 1 1]