Criteria: Estimation-Maximisation
seed = 555
Time[min] = 5.826552708943685e-05
mu1 = 
[7.17834087 0.47855133]
mu2 = 
[9.45919181 3.39990587]
sigma1 = 
[[5.60320291 1.52825158]
 [1.52825158 0.54137384]]
sigma2 = 
[[54.75141177 16.83665798]
 [16.83665798  5.26640924]]
X1 = 
[[ 8.9821867   1.74609788]
 [ 6.42214098  0.13449246]
 [ 5.58024756  0.75868333]
 [ 7.32565941  0.31585905]
 [ 7.2313986   0.8457212 ]
 [ 3.10186393 -1.12925363]
 [ 5.45097618 -0.62513957]
 [ 7.80966342  0.63423449]
 [11.89055522  1.26280432]
 [ 6.85839413  1.21125424]
 [ 6.15126389 -0.14425876]
 [ 7.60125683  0.52940808]
 [ 7.3775227   0.51444641]
 [ 4.04428854 -0.48799537]
 [ 3.34286758 -0.1969899 ]
 [ 7.16153687  0.75058185]
 [ 9.7837531   1.37779821]
 [ 8.13734894  0.17884522]
 [ 7.21095723  0.65136258]
 [ 4.00852298 -0.55925294]
 [10.22467441  1.12179096]
 [ 9.88683585  0.88160633]
 [ 6.18119703 -0.02807697]]
X2 = 
[[13.97869943  5.11163499]
 [13.6710463   4.38464576]
 [14.11154204  4.79452172]
 [ 0.64984116  0.73026   ]
 [13.37618109  4.80694831]
 [25.77921726  8.49187992]
 [ 4.05571287  1.8786958 ]
 [16.16234145  5.39889926]
 [ 5.51582798  2.63186322]
 [ 2.8783081   1.4345279 ]
 [17.33610683  5.90534118]
 [14.05593653  4.87157282]
 [ 3.03531891  1.49839501]
 [ 5.55020765  2.29034505]
 [17.79113213  6.3659977 ]
 [16.71472076  5.93363297]
 [15.69083689  5.48557116]
 [ 2.07171027  0.85854523]
 [ 9.02697832  3.5753112 ]
 [ 3.43232201  1.26988515]
 [21.09572694  6.64714956]
 [ 4.87795149  1.95125358]
 [ 8.67240952  2.9709804 ]]
y = 
[0 0 0 0 0 0 0 0 0 0 0 0 0 0 0 0 0 0 0 0 0 0 0 1 1 1 1 1 1 1 1 1 1 1 1 1 1
 1 1 1 1 1 1 1 1 1]