Criteria: Estimation-Maximisation
seed = 430
Time[min] = 4.659891128540039e-05
mu1 = 
[1.55934857 6.89859928]
mu2 = 
[3.15526978 6.26301631]
sigma1 = 
[[8.34997825 1.7509554 ]
 [1.7509554  0.37248022]]
sigma2 = 
[[100.3805849   21.14240198]
 [ 21.14240198   4.45325993]]
X1 = 
[[-4.5896032   5.59361388]
 [-0.09490849  6.52563764]
 [ 0.99334787  6.86019627]
 [-2.06511511  6.20561722]
 [ 2.87472124  7.22245969]
 [ 2.27997134  7.06211134]
 [ 1.39802909  6.83525169]
 [ 4.40947894  7.5826128 ]
 [ 2.01952242  6.92072048]
 [-1.21927872  6.43513448]
 [-0.429913    6.52103231]
 [ 9.56598046  8.55647489]
 [ 2.67068128  7.17210395]
 [ 4.56060309  7.52765483]
 [ 5.18240032  7.59304017]
 [ 4.39000553  7.41635628]
 [ 8.35639587  8.39363051]
 [-3.69747857  5.74458816]
 [ 2.32139261  7.20485558]
 [ 2.18320901  7.08454291]
 [-1.55136158  6.25678126]
 [ 0.80890966  6.76527235]]
X2 = 
[[ 11.22931216   7.96380003]
 [ -5.59149099   4.41328988]
 [-20.20020918   1.33928208]
 [  2.69004284   6.15134382]
 [  0.70157027   5.73932574]
 [  2.68265487   6.17579309]
 [ 11.0984193    7.9150102 ]
 [-10.46844009   3.4043565 ]
 [  4.60371473   6.55430407]
 [-16.3808314    2.1307747 ]
 [ -2.2475701    5.15911558]
 [-11.00221309   3.26391703]
 [ -3.27668751   4.92143602]
 [ 11.97022332   8.11443681]
 [ -3.48732977   4.88462562]
 [  5.54362828   6.77280016]
 [  6.71120837   7.01817087]
 [ -4.17013759   4.73235579]
 [  7.11335366   7.10863269]
 [ 20.07954685   9.83693548]
 [  0.10598588   5.5930482 ]
 [ 17.32367313   9.24269222]]
y = 
[0 0 0 0 0 0 0 0 0 0 0 0 0 0 0 0 0 0 0 0 0 0 1 1 1 1 1 1 1 1 1 1 1 1 1 1 1
 1 1 1 1 1 1 1]