Criteria: Estimation-Maximisation
seed = 300
Time[min] = 3.1117598215738935e-05
mu1 = 
[4.51122569 2.21022342]
mu2 = 
[8.11094366 4.00790541]
sigma1 = 
[[0.98172607 2.36297836]
 [2.36297836 6.1740848 ]]
sigma2 = 
[[ 56.8004535  148.21208538]
 [148.21208538 386.77689794]]
X1 = 
[[ 4.51780762  1.99494263]
 [ 2.80643504 -1.3022933 ]
 [ 4.00254449  1.66647086]
 [ 4.17983046  2.71020011]
 [ 5.10769419  3.99306624]
 [ 4.18669364  0.71213643]
 [ 5.99397853  4.66185976]
 [ 3.17127712 -2.0665664 ]
 [ 5.70709249  5.0841809 ]
 [ 1.00449599 -5.69465338]
 [ 6.0288183   5.40140737]
 [ 5.07274924  4.44637535]]
X2 = 
[[  8.46032165   4.95324732]
 [ -4.38324944 -28.60711472]
 [ 16.17429408  25.0524031 ]
 [ 11.55150887  13.21427581]
 [  2.73425723 -10.14267162]
 [ 13.93186793  19.03069873]
 [ -1.1400878  -20.18075119]
 [ -2.15273262 -22.59766295]
 [  0.70397108 -15.17337484]
 [ -1.75965015 -21.98621189]
 [ -3.85979425 -27.06695155]
 [ -9.60361327 -42.24263764]]
y = 
[0 0 0 0 0 0 0 0 0 0 0 0 1 0 1 1 0 1 0 0 0 0 0 0]