Criteria: Estimation-Maximisation
seed = 235
Time[min] = 2.5284290313720702e-05
mu1 = 
[9.30588103 5.22707047]
mu2 = 
[8.38260931 0.87924307]
sigma1 = 
[[8.61244485 5.83075399]
 [5.83075399 4.05095128]]
sigma2 = 
[[414.15112739 286.41805059]
 [286.41805059 198.09975477]]
X1 = 
[[ 9.85059321  5.46780711]
 [14.9817113   9.0895874 ]
 [ 8.72805507  4.95213556]
 [ 8.62190376  4.52082229]
 [12.62497462  6.96779603]
 [13.11890448  7.67677866]
 [13.09095064  8.17434354]]
X2 = 
[[ 37.47835929  20.73921242]
 [  8.65340765   0.93107854]
 [ 31.56989176  17.19484646]
 [-12.58593881 -13.30854458]
 [  3.59864098  -2.44861834]
 [ -4.90568496  -8.44380501]
 [-10.61851759 -12.07870098]]
y = 
[0 0 0 0 0 0 0 0 0 0 1 0 1 1]