Criteria: Estimation-Maximisation
seed = 386
Time[min] = 3.061691919962565e-05
mu1 = 
[7.38202981 4.40828662]
mu2 = 
[4.07741985 1.14927631]
sigma1 = 
[[0.79213126 1.5024461 ]
 [1.5024461  9.71598931]]
sigma2 = 
[[ 23.20091463 147.16763653]
 [147.16763653 946.26182698]]
X1 = 
[[ 6.99068523  4.01724164]
 [ 7.59455054  1.49855095]
 [ 9.09154677 10.33481298]
 [ 6.87647039  4.0625232 ]
 [ 5.91277919  1.2895976 ]
 [ 7.03958207  0.69161759]
 [ 5.92393559  4.48335779]
 [ 7.85103774  7.92960427]
 [ 7.82588476  7.27264738]
 [ 6.72568035  6.40320567]]
X2 = 
[[ 1.45364951e+01  6.02056419e+01]
 [ 7.31994692e+00  1.69309047e+01]
 [ 2.67893024e+00 -9.56814127e+00]
 [ 4.29395652e+00  3.28908460e+00]
 [ 8.69317169e+00  2.65905144e+01]
 [ 5.03661219e+00  1.17253125e+01]
 [ 2.32673101e+00 -1.01897352e+01]
 [ 1.37557519e+00 -2.72623339e+01]
 [-2.12551866e-02 -3.31603886e+01]
 [ 7.56378304e+00  2.55454736e+01]]
y = 
[0 0 0 0 0 0 0 0 0 0 1 0 0 0 0 0 0 0 0 0]