Criteria: Estimation-Maximisation
seed = 286
Time[min] = 2.826849619547526e-05
mu1 = 
[1.45023933 2.33543708]
mu2 = 
[1.6337996 0.13164  ]
sigma1 = 
[[1.09780922 1.57510945]
 [1.57510945 2.34578932]]
sigma2 = 
[[26.01488287 38.67791887]
 [38.67791887 57.50824496]]
X1 = 
[[ 0.34280164  0.21183896]
 [ 0.45828872  0.99009357]
 [ 0.71875025  0.49128984]
 [ 1.80799817  3.1549438 ]
 [-0.56303845 -0.72607579]
 [-0.34609994 -0.20095506]
 [ 1.41995918  2.33410239]
 [ 2.99086821  4.38754969]
 [ 0.79741912  1.54940762]]
X2 = 
[[ 6.80313254  7.8933567 ]
 [-4.66455808 -9.09890404]
 [ 5.07726402  5.34324109]
 [ 8.32857452 10.05460288]
 [ 5.13302873  5.25114089]
 [ 0.55646973 -1.46991988]
 [-0.11189779 -2.39441042]
 [ 4.39568481  4.17671759]
 [-4.7648476  -9.31438989]]
y = 
[0 0 0 0 0 0 0 0 0 0 1 0 0 0 0 0 0 1]