Criteria: Estimation-Maximisation
seed = 503
Time[min] = 4.388093948364258e-05
mu1 = 
[0.20818958 4.63678397]
mu2 = 
[2.74975999 0.26086212]
sigma1 = 
[[6.58785303 6.08008985]
 [6.08008985 5.62238061]]
sigma2 = 
[[413.07473287 381.90053065]
 [381.90053065 353.07912936]]
X1 = 
[[-4.19264185  0.60946176]
 [ 1.57717144  6.0539469 ]
 [-0.97441122  3.49072771]
 [ 1.19540615  5.61145249]
 [ 6.06085336 10.10135997]
 [-1.23323258  3.30543373]
 [-1.96010268  2.57893122]
 [-3.38987185  1.1811349 ]
 [-0.86589295  3.58297124]
 [-5.87883475 -0.84823606]
 [-2.61645986  2.01619947]
 [ 1.20500876  5.47961975]
 [ 0.27203638  4.78730743]
 [ 3.03123959  7.3878194 ]
 [-2.47481756  2.2488715 ]
 [-2.63894622  1.99613745]
 [-1.44590707  2.99807776]
 [-1.05583879  3.45567961]
 [ 2.33539738  6.53898826]]
X2 = 
[[ 34.81427584  29.91661277]
 [ 18.32046906  14.64697518]
 [  8.76457626   5.82481262]
 [-29.97518773 -29.99376842]
 [-13.61244113 -14.87018813]
 [ 16.6879372   13.15728496]
 [ 13.65603003  10.36730791]
 [ 12.41955118   9.20163969]
 [-13.99488959 -15.23003041]
 [  6.04517808   3.30501258]
 [ 18.87550743  15.17221556]
 [ 11.381549     8.24303098]
 [-13.24955679 -14.53013592]
 [ 24.82623339  20.67173079]
 [  5.8309967    3.10484163]
 [-18.98988575 -19.8440783 ]
 [  8.41236364   5.49647938]
 [ 35.34710544  30.40658574]
 [-32.47037675 -32.32828386]]
y = 
[1 1 1 1 1 1 1 1 1 1 1 1 1 1 1 1 1 1 1 0 0 0 0 0 0 0 0 0 0 0 0 0 0 0 0 0 0
 0]