Criteria: Estimation-Maximisation
seed = 225
Time[min] = 2.516508102416992e-05
mu1 = 
[2.92165679 5.35155408]
mu2 = 
[6.01254101 4.23795585]
sigma1 = 
[[1.44934353 3.48211446]
 [3.48211446 8.36763124]]
sigma2 = 
[[123.35180813 296.41727774]
 [296.41727774 712.29764633]]
X1 = 
[[ 2.51363841  4.3561344 ]
 [ 3.1396592   5.89291061]
 [-0.43173347 -2.66582229]
 [ 1.51517508  1.90379605]
 [ 1.84792849  2.75083983]
 [ 3.20872727  6.04645419]
 [ 2.38243078  4.01035643]
 [ 2.21838849  3.65936778]
 [ 1.33311154  1.58713103]
 [ 3.14535059  5.87201677]
 [ 1.22457343  1.23227263]
 [ 3.88432196  7.68161782]
 [ 0.87659051  0.44162343]
 [ 3.61237676  7.04038515]
 [ 2.69728244  4.77421339]
 [ 4.35665045  8.76564108]
 [ 2.40154711  4.1018257 ]]
X2 = 
[[ -4.52104861 -21.07445825]
 [ 15.04140811  25.93416914]
 [ 30.56819109  63.24636138]
 [  3.52878156  -1.73090005]
 [ -3.27804442 -18.08777949]
 [ 13.89423176  23.17791806]
 [  6.30466259   4.94092686]
 [  3.14537405  -2.65063827]
 [  2.85281805  -3.3551327 ]
 [ 17.99529439  33.03271608]
 [ 11.60562011  17.67891148]
 [ -0.51231517 -11.44180379]
 [ 11.18782434  16.67511143]
 [ 11.55113911  17.54770117]
 [ 11.19569994  16.6929013 ]
 [  4.37578442   0.30488441]
 [ 15.01394438  25.86994087]]
y = 
[0 0 0 0 0 0 0 0 0 0 0 0 0 0 0 0 0 0 0 1 0 0 0 0 0 0 0 0 0 0 0 0 0 0]