Criteria: Estimation-Maximisation
seed = 339
Time[min] = 3.0362606048583983e-05
mu1 = 
[6.37747311 1.71612134]
mu2 = 
[1.18541655 7.58231704]
sigma1 = 
[[2.80572407 0.39694495]
 [0.39694495 0.97133689]]
sigma2 = 
[[9.44774047 4.96939071]
 [4.96939071 9.59251878]]
X1 = 
[[7.44493801 2.33326965]
 [6.7534311  0.60053663]
 [6.08757151 2.44453401]
 [6.13473746 1.37131408]
 [6.36942146 1.78003926]
 [4.28352755 3.02746819]
 [7.45950031 2.25888376]
 [6.63036863 1.39704251]
 [4.70476463 0.54741826]
 [8.68033534 1.93695959]
 [3.64675993 1.53889032]]
X2 = 
[[ 4.38848194  4.74279837]
 [ 0.92169307  3.97579242]
 [ 4.95495097 11.22309755]
 [ 0.49224047  4.47135947]
 [ 6.0272537  10.98572943]
 [ 2.40680707  7.48474134]
 [-1.12770414  7.0939042 ]
 [ 2.06189812  3.84744577]
 [ 5.14567051  7.91649539]
 [ 2.88898249  7.60684905]
 [ 3.30123409 12.10317567]]
y = 
[0 0 0 0 0 0 0 0 0 0 0 0 0 1 1 1 1 1 0 1 1 1]