Criteria: Estimation-Maximisation
seed = 347
Time[min] = 2.4636586507161457e-05
mu1 = 
[2.6646213  2.87680825]
mu2 = 
[5.5860247  0.69000059]
sigma1 = 
[[6.49654009 6.41860953]
 [6.41860953 6.38829588]]
sigma2 = 
[[454.19051565 451.73852187]
 [451.73852187 449.30179043]]
X1 = 
[[3.66599967 3.96704961]
 [1.31911751 1.37513073]
 [1.75297722 2.04667834]
 [2.11416184 1.94812137]
 [3.16839542 3.30452593]
 [0.68943861 1.09040165]
 [2.96592099 3.0720971 ]]
X2 = 
[[ -0.76914675  -5.60668257]
 [ 22.68219308  17.66395004]
 [-31.44454411 -36.14240639]
 [-10.78567087 -15.60085736]
 [ 18.10924521  13.0954925 ]
 [ -3.84375211  -8.68274555]
 [-10.49479303 -15.31569736]]
y = 
[0 0 0 0 0 0 0 0 0 1 0 0 0 0]