Criteria: Estimation-Maximisation
seed = 251
Time[min] = 3.9235750834147135e-05
mu1 = 
[6.37611229 1.03016475]
mu2 = 
[5.34393664 3.69126425]
sigma1 = 
[[0.13354602 0.79978838]
 [0.79978838 8.0607145 ]]
sigma2 = 
[[  6.414449    64.57546615]
 [ 64.57546615 650.3908446 ]]
X1 = 
[[ 6.71673198  1.26409185]
 [ 7.0715752   8.44046228]
 [ 6.32310741  1.744712  ]
 [ 6.31108179 -0.82076433]
 [ 6.15838979  0.80765323]
 [ 5.96599141  2.36871143]
 [ 6.26929167 -1.98425551]
 [ 7.01094686  8.41981749]
 [ 6.01605122 -0.62945478]
 [ 6.11107934 -0.37686249]
 [ 6.63599279  3.49525412]
 [ 6.15833661 -0.12683879]
 [ 6.26187475 -1.12675989]
 [ 7.21011715  1.40744794]
 [ 7.12392783  4.05159447]
 [ 6.50216893  1.56666213]
 [ 6.30081149 -0.63951041]
 [ 6.91125195  4.99762929]
 [ 6.19431092 -1.33422092]]
X2 = 
[[ 6.58020786e+00  1.67157939e+01]
 [ 1.15654818e+01  6.66730111e+01]
 [ 2.77177729e+00 -2.08575521e+01]
 [ 9.69166099e+00  4.72260468e+01]
 [ 2.31248660e+00 -2.60077532e+01]
 [ 6.82463106e+00  1.89592974e+01]
 [ 3.96306014e+00 -1.03104406e+01]
 [ 5.80885450e+00  7.86819721e+00]
 [ 5.30961090e+00  4.07436172e+00]
 [ 5.18465132e+00  2.10497199e+00]
 [ 7.11968652e+00  2.01904075e+01]
 [ 7.20035186e+00  2.33152128e+01]
 [ 5.69579492e+00  8.14756063e+00]
 [ 1.16067126e+01  6.68953509e+01]
 [ 4.92369308e+00 -4.41631034e-02]
 [ 6.73287088e+00  1.77518148e+01]
 [-7.82517504e-01 -5.67375555e+01]
 [ 3.16542020e+00 -1.84203208e+01]
 [ 5.42760352e+00  4.46695355e+00]]
y = 
[1 1 1 1 1 1 1 1 1 1 1 1 1 1 1 1 1 1 1 0 0 0 0 0 0 0 0 0 0 0 0 0 0 0 0 0 0
 0]