Criteria: Estimation-Maximisation
seed = 417
Time[min] = 3.6815802256266274e-05
mu1 = 
[0.1897779  9.86514675]
mu2 = 
[1.96294248 4.25074576]
sigma1 = 
[[2.85576558 5.14791936]
 [5.14791936 9.28751774]]
sigma2 = 
[[273.16613443 492.81517488]
 [492.81517488 889.08093202]]
X1 = 
[[ 2.09339066 13.24490054]
 [-0.55830941  8.29773253]
 [ 1.23190382 11.82075128]
 [-1.64159829  6.57428828]
 [-0.95840486  7.66928815]
 [ 0.04144546  9.6457191 ]
 [-0.12055922  9.18198359]
 [-0.45404895  8.6833343 ]
 [ 1.36949971 11.86390233]
 [-1.38114463  6.91826649]
 [ 5.25791049 19.03035452]
 [ 2.07434127 13.24435596]
 [-2.15346867  5.69413571]
 [-0.17905526  9.08496342]
 [-2.91021641  4.29172844]
 [-1.55012342  6.78851617]
 [ 1.49829376 12.23674425]
 [-0.59157205  8.37924543]
 [ 2.92002478 14.80255441]
 [-0.54884584  8.71478741]
 [ 2.61726948 14.29235476]]
X2 = 
[[ -8.5114921  -14.64058761]
 [-13.70588255 -24.01174497]
 [ 15.29608899  28.3098985 ]
 [ 15.83807821  29.28504484]
 [-11.31933998 -19.72139252]
 [-23.51622985 -41.71635015]
 [ 24.50341081  44.91653678]
 [ 21.34513294  39.22375292]
 [-28.7245808  -51.11472752]
 [ 16.82119113  31.05140175]
 [ 18.24697353  33.62611783]
 [ 20.14335624  37.04907289]
 [ 15.27798748  28.26400831]
 [ 28.81633323  52.69349526]
 [ 10.0897534   18.91624824]
 [ -9.65044026 -16.70716072]
 [ -0.11996751   0.49077734]
 [ -5.29117913  -8.83406373]
 [  2.47024709   5.17191319]
 [  1.94229265   4.21047594]
 [  2.53595481   5.27871067]]
y = 
[0 0 0 0 0 0 0 0 0 0 0 0 0 0 0 0 0 0 0 0 0 1 1 1 1 1 1 1 1 1 1 1 1 1 1 1 1
 1 1 1 1 1]