Criteria: Estimation-Maximisation
seed = 131
Time[min] = 7.320245107014975e-05
mu1 = 
[6.50153605 9.48109166]
mu2 = 
[2.39466776 2.54157067]
sigma1 = 
[[4.26317404 1.07987925]
 [1.07987925 0.63710607]]
sigma2 = 
[[29.83604486 11.48368939]
 [11.48368939  5.22518058]]
X1 = 
[[ 4.10797069  8.66721383]
 [ 7.68921181 10.65496516]
 [ 9.44583257 10.10701567]
 [ 8.23331244 10.07962622]
 [ 5.82903159  8.43826336]
 [ 6.10159979 10.65693589]
 [ 8.15380655  9.71138395]
 [ 9.63494379 10.49276665]
 [ 8.8832299  10.36611154]
 [ 5.91174221  9.88581897]]
X2 = 
[[  7.38111444   5.3645975 ]
 [  4.54251438   3.67849165]
 [ -6.32208657  -2.05395962]
 [  8.91927324   4.87457699]
 [-10.97338971  -2.31288656]
 [ -4.4916703    0.10905741]
 [  3.70673896   3.68426069]
 [ -1.69540774   1.6648112 ]
 [ 10.54352317   7.47632528]
 [  8.47734917   5.60198701]]
y = 
[0 0 0 0 0 0 0 0 0 0 1 1 1 1 1 1 1 1 1 1]