Criteria: Estimation-Maximisation
seed = 222
Time[min] = 4.431406656901042e-05
mu1 = 
[5.26028426 6.85317185]
mu2 = 
[7.60569419 2.24304617]
sigma1 = 
[[4.97244149 1.20873343]
 [1.20873343 0.32593126]]
sigma2 = 
[[39.33553944  9.9499963 ]
 [ 9.9499963   2.52334834]]
X1 = 
[[7.23760723 7.51632331]
 [6.40850957 7.18936818]
 [5.01464249 6.76400194]
 [3.22080005 6.36228443]
 [8.53528643 7.54660263]
 [1.82165534 5.92891468]]
X2 = 
[[ 9.04232788  2.47443664]
 [11.5477525   3.18017561]
 [ 0.65816511  0.44321979]
 [ 4.88195216  1.58592522]
 [ 7.31202957  2.23513538]
 [13.23320253  3.7049064 ]]
y = 
[0 0 0 1 0 1 0 0 1 1 0 0]