Criteria: Estimation-Maximisation
seed = 82
Time[min] = 3.203550974527995e-05
mu1 = 
[2.7522567  6.39230761]
mu2 = 
[9.97434207 8.32513276]
sigma1 = 
[[6.44274855 7.76076207]
 [7.76076207 9.42797065]]
sigma2 = 
[[643.8032875  781.68300846]
 [781.68300846 949.09573364]]
X1 = 
[[ 3.7621184   7.52767248]
 [-1.0030489   2.33082993]
 [ 0.1581113   3.09255219]
 [ 1.34414139  5.2523791 ]
 [ 2.00649709  5.77459681]
 [ 3.39676495  7.00271096]]
X2 = 
[[ 26.27111886  28.10680378]
 [ 12.53265725  11.43373382]
 [-19.23370941 -27.16455309]
 [ 17.52247659  17.53441139]
 [ 25.54154819  27.20097272]
 [ 31.62764625  34.65490718]]
y = 
[0 0 0 0 0 0 1 1 0 1 1 1]