Criteria: Estimation-Maximisation
seed = 326
Time[min] = 4.783471425374349e-05
mu1 = 
[5.19521868 8.53195769]
mu2 = 
[2.4217899  4.35366714]
sigma1 = 
[[0.26541224 0.68793438]
 [0.68793438 4.7492185 ]]
sigma2 = 
[[  4.8029808   32.85409319]
 [ 32.85409319 226.02401776]]
X1 = 
[[ 4.46018803  8.19519073]
 [ 4.88916291  7.44983617]
 [ 5.13615648  8.07992367]
 [ 4.86254188  5.12727955]
 [ 4.90989098  9.65024296]
 [ 5.09330782  9.65322994]
 [ 5.10094473  9.39481509]
 [ 5.85076328 11.33943855]
 [ 4.40654272  3.30865666]
 [ 4.17907552  5.89064643]]
X2 = 
[[  4.73907331  18.99110088]
 [  1.30231953  -2.77125411]
 [  1.79293124  -0.07000988]
 [  2.40267267   3.79080084]
 [  2.2207939    1.32855957]
 [ -2.17426987 -28.61349242]
 [  5.55949979  27.56826739]
 [  1.15325262  -2.64829676]
 [  2.31840984   3.59411188]
 [  0.26351508 -11.87115884]]
y = 
[1 1 1 1 1 1 1 1 1 1 0 0 0 0 0 0 0 0 0 0]