Criteria: Estimation-Maximisation
seed = 529
Time[min] = 5.2416324615478514e-05
mu1 = 
[2.25526306 8.20611244]
mu2 = 
[8.51125776 8.56984602]
sigma1 = 
[[4.76692198 1.08934231]
 [1.08934231 0.29585831]]
sigma2 = 
[[34.59021181  8.41571949]
 [ 8.41571949  2.06198804]]
X1 = 
[[ 4.26750407  8.6543412 ]
 [-1.36604359  7.22067338]
 [ 2.89091153  8.23529237]
 [ 3.77158154  8.5934474 ]
 [ 1.85519832  8.19311836]
 [ 3.89402484  8.71166127]
 [ 6.04559372  9.27918203]
 [ 3.17972041  8.29982659]
 [ 4.03202872  8.40456526]
 [ 2.96124406  8.38005365]
 [ 4.45288462  8.9653112 ]
 [ 4.8689077   8.45783612]
 [-0.84044509  7.65840635]
 [ 2.04832135  7.86303114]
 [ 1.86457288  7.90079246]
 [-1.6404693   7.2034226 ]
 [ 4.01198408  8.67977403]
 [ 2.57627461  8.2816367 ]
 [ 3.25822837  8.17358575]
 [ 1.57877713  8.17021738]
 [ 2.49522894  8.48528752]]
X2 = 
[[ 4.36485407  7.40016768]
 [ 7.78333539  8.56966125]
 [11.52928877  9.38586481]
 [ 3.16797505  7.34262264]
 [ 7.9780052   8.62158848]
 [ 8.54725318  8.58875387]
 [11.17616036  9.24145493]
 [ 3.24103789  7.27911123]
 [16.24965685 10.58361668]
 [10.39935609  8.90346783]
 [ 8.29282775  8.12544661]
 [ 9.29519607  8.76617159]
 [ 2.36816299  7.26914566]
 [ 5.17788317  7.75088218]
 [ 9.103955    8.72992086]
 [ 8.18100342  8.45995366]
 [12.25476986  9.51254491]
 [ 5.6099003   7.84743592]
 [ 5.0003412   7.77554781]
 [-0.10283878  6.66422317]
 [12.01058821  9.45081722]]
y = 
[0 0 0 0 0 0 0 0 0 0 0 0 0 0 0 0 0 0 0 0 0 1 1 1 1 1 1 1 1 1 1 1 1 1 1 1 1
 1 1 1 1 1]