Criteria: Estimation-Maximisation
seed = 342
Time[min] = 3.31878662109375e-05
mu1 = 
[0.65034397 8.2231422 ]
mu2 = 
[4.32534613 3.76217726]
sigma1 = 
[[3.32906114 1.88925327]
 [1.88925327 1.90272137]]
sigma2 = 
[[46.7754273  42.2366653 ]
 [42.2366653  39.77276387]]
X1 = 
[[ 2.84914821 11.00960571]
 [ 3.14653269  9.33069964]
 [-0.2606724   8.19975227]
 [-0.17391608  7.18624282]
 [ 1.81787783  9.19685472]
 [ 3.42418381  9.45428053]
 [ 0.32839595  9.47268924]
 [-0.85201906  7.32296494]
 [-1.37973234  7.79679089]]
X2 = 
[[-6.55913527e-01 -1.28443460e+00]
 [-7.94715051e-03 -6.06433465e-01]
 [ 2.89918716e+00  1.11054869e+00]
 [ 2.39179509e+00  1.63112160e+00]
 [ 2.18816005e+00  1.01139711e+00]
 [ 9.58895100e+00  7.70076202e+00]
 [ 8.51205780e+00  9.51791379e+00]
 [ 8.93614247e+00  8.23253497e+00]
 [-2.66265113e+00 -3.55102876e+00]]
y = 
[1 1 1 1 1 1 1 1 1 0 0 0 0 0 1 1 1 0]