Criteria: Estimation-Maximisation
seed = 287
Time[min] = 4.129807154337565e-05
mu1 = 
[1.44485231 7.1075312 ]
mu2 = 
[9.5515133  0.33357888]
sigma1 = 
[[6.71557363 0.33369245]
 [0.33369245 0.05230729]]
sigma2 = 
[[46.2124357   2.41548171]
 [ 2.41548171  0.13871117]]
X1 = 
[[ 0.31038455  7.14537038]
 [ 1.8004364   6.94370071]
 [ 0.57389217  6.91879196]
 [ 7.37881984  7.16710695]
 [-0.40801522  7.12955537]
 [-0.07049001  6.89102402]
 [-0.30573622  6.62126377]]
X2 = 
[[ 7.72587125  0.32168234]
 [-2.47655898 -0.11708388]
 [ 8.90695566  0.14900479]
 [ 9.43799768  0.3963634 ]
 [ 9.733823    0.13040376]
 [18.15275239  0.70237008]
 [-0.42060302 -0.39724813]]
y = 
[1 1 1 1 1 1 1 0 0 0 0 0 0 0]