Criteria: Estimation-Maximisation
seed = 407
Time[min] = 4.1814645131429035e-05
mu1 = 
[8.5237188 5.037886 ]
mu2 = 
[2.90753222 4.69994822]
sigma1 = 
[[3.15934812 1.10082207]
 [1.10082207 0.9826004 ]]
sigma2 = 
[[22.09957275 14.29456218]
 [14.29456218 10.86684473]]
X1 = 
[[ 9.11313643  4.39365534]
 [10.05842846  5.51898276]
 [ 5.9800912   4.79580049]
 [ 9.36830109  5.07026648]
 [ 5.57976067  4.25129239]
 [ 7.55519911  4.05612923]
 [ 7.09859736  4.22519056]
 [ 8.76879854  3.94365469]
 [ 7.10122782  3.93379283]
 [ 8.37545851  5.4957374 ]
 [ 7.1474746   6.19178383]
 [ 7.28017743  5.14975108]
 [ 6.29150288  4.22540218]
 [ 6.85954985  4.82366311]]
X2 = 
[[-1.89227485  1.2226256 ]
 [-5.86041759 -0.5953179 ]
 [ 9.9862312   9.47428327]
 [ 2.17466941  5.7141337 ]
 [12.72860912 12.49886676]
 [ 1.54008915  3.97327018]
 [-1.28487678  1.58962017]
 [ 2.84373974  5.46805937]
 [ 0.27522378  5.96577875]
 [-0.77125931  2.51706166]
 [-1.4579421   3.18695224]
 [-0.70237039  0.49533507]
 [ 3.7862586   4.33507623]
 [ 5.24347213  4.28873221]]
y = 
[1 1 1 1 1 1 1 1 1 1 1 1 1 1 0 0 1 0 1 0 0 0 0 0 0 0 0 1]