Criteria: Estimation-Maximisation
seed = 442
Time[min] = 0.0001230438550313314
mu1 = 
[3.94676174 1.98206641]
mu2 = 
[8.89344413 2.6227539 ]
sigma1 = 
[[6.60239466 3.73108506]
 [3.73108506 2.53781316]]
sigma2 = 
[[182.80157254 119.32206386]
 [119.32206386  78.32595222]]
X1 = 
[[ 4.48587727  1.34724893]
 [ 1.55917962  0.96303088]
 [ 2.39307849 -0.14336497]
 [ 2.15090037  2.223892  ]
 [ 5.6911778   3.13301203]
 [ 5.56299123  2.28728154]
 [ 4.10328936  3.19802358]
 [ 6.43461035  3.50681797]
 [ 4.14299528  2.46392386]
 [10.12921052  6.7620586 ]
 [ 1.13635658  0.52626383]
 [-1.17015751 -1.1607399 ]
 [ 5.5667304   3.39919165]
 [ 7.82330814  3.76509062]
 [ 4.57435928  2.0709119 ]
 [ 2.96869445  1.20484842]
 [ 1.26668988  0.59847422]
 [ 5.38302496  3.14279951]
 [ 4.55514881  2.6722816 ]
 [ 3.32241899  1.59702549]
 [ 6.50751029  3.61217255]]
X2 = 
[[-11.94954682 -11.78610079]
 [  9.75947464   2.46876872]
 [  8.99383408   2.1218698 ]
 [ 22.46140213  11.37914223]
 [ 34.96141089  20.70323446]
 [ 22.61097498  11.16637697]
 [  7.01601322  -0.43826975]
 [ 33.97442021  18.48525524]
 [ 26.96457581  15.02456025]
 [ 15.77264094   7.07212789]
 [ 24.80051895  13.76424903]
 [-14.56292133 -12.06438672]
 [  9.27399564   2.86856736]
 [  9.39803292   2.66812962]
 [ 11.85648246   4.99357781]
 [ 10.08519179   4.8221243 ]
 [ 12.66027733   4.77763373]
 [ 14.2532288    6.00560231]
 [  5.03832677   1.26601567]
 [ -3.90790254  -5.39141456]
 [ -0.07321828  -3.74018801]]
y = 
[1 1 1 1 1 1 1 1 1 1 1 1 1 1 1 1 1 1 1 1 1 0 0 0 0 0 0 0 0 0 0 0 0 0 0 0 1
 0 0 1 0 0]