Criteria: Estimation-Maximisation
seed = 247
Time[min] = 3.4185250600179035e-05
mu1 = 
[3.66180325 9.07541502]
mu2 = 
[8.56243458 5.51830393]
sigma1 = 
[[0.76446659 0.84900296]
 [0.84900296 1.8541744 ]]
sigma2 = 
[[ 7.79246946 16.39103001]
 [16.39103001 35.10043324]]
X1 = 
[[ 3.53781107 10.25270625]
 [ 4.68821571 10.23393597]
 [ 5.0340735   9.2228066 ]
 [ 3.47780994  9.69554164]
 [ 3.56927112  8.91314876]
 [ 4.08246821  8.97288101]]
X2 = 
[[ 7.58085496  2.67272743]
 [ 8.96467113  5.46916911]
 [ 3.7499889  -4.15381841]
 [10.4336239  10.59179586]
 [10.58160175 11.40904506]
 [ 4.85450233 -2.52545713]]
y = 
[0 0 0 0 0 0 1 1 1 0 0 1]