Criteria: Estimation-Maximisation
seed = 160
Time[min] = 4.343589146931966e-05
mu1 = 
[8.33392825 3.23434575]
mu2 = 
[1.7744367  3.91888142]
sigma1 = 
[[1.0840962  2.35699256]
 [2.35699256 5.20197009]]
sigma2 = 
[[ 56.72940398 125.16525474]
 [125.16525474 276.16034177]]
X1 = 
[[ 7.31913818  0.74761882]
 [ 8.96756685  4.59276966]
 [10.171682    7.91665152]
 [ 8.67869539  3.53740237]
 [ 8.2571463   3.20111096]
 [ 7.86715501  2.59316977]
 [ 9.52728774  6.32306001]
 [ 6.27143121 -1.04577985]
 [ 8.65134494  3.57487624]
 [ 8.36704617  3.61790063]
 [ 9.447648    5.81353137]
 [ 8.85786995  3.89979726]]
X2 = 
[[ -4.58647048 -10.08317595]
 [  6.98038131  15.40976399]
 [  7.51211547  16.62058476]
 [  9.76183624  21.5039739 ]
 [  1.61922567   3.58848393]
 [ -9.64678141 -21.29141504]
 [ -4.3963556   -9.69941395]
 [  1.23710971   2.75122503]
 [  9.56555974  21.12480337]
 [  4.74057902  10.44506718]
 [ -1.32614878  -2.95708154]
 [  9.03419508  19.92553116]]
y = 
[1 1 1 1 1 1 1 1 1 1 1 1 0 0 0 0 0 0 0 0 0 0 0 0]