Criteria: Estimation-Maximisation
seed = 105
Time[min] = 2.940098444620768e-05
mu1 = 
[0.83739924 3.33506292]
mu2 = 
[2.96834579 0.02245237]
sigma1 = 
[[0.85018937 0.52761684]
 [0.52761684 0.32747387]]
sigma2 = 
[[3.50661726 2.17638151]
 [2.17638151 1.35077088]]
X1 = 
[[-0.08942885  2.75903943]
 [ 2.2504626   4.21505511]
 [ 1.35001624  3.65187919]
 [-0.74190979  2.3715076 ]
 [ 0.32232967  3.02152924]
 [ 2.12934995  4.14600806]
 [ 2.0235732   4.07212928]
 [ 0.20222422  2.93892038]]
X2 = 
[[ 5.917828    1.85306566]
 [ 1.29302155 -1.01744046]
 [ 3.14105668  0.12973151]
 [-0.46837371 -2.11045468]
 [ 1.81268449 -0.69476928]
 [ 2.70472059 -0.14104211]
 [ 5.37825573  1.51817116]
 [ 1.7871375  -0.71064821]]
y = 
[1 1 1 1 1 1 1 1 0 0 0 0 0 0 0 0]