Criteria: Estimation-Maximisation
seed = 303
Time[min] = 5.8420499165852864e-05
mu1 = 
[7.50148423 2.81035071]
mu2 = 
[1.87032784 3.60300426]
sigma1 = 
[[6.87883042 3.8718133 ]
 [3.8718133  2.28056926]]
sigma2 = 
[[197.22769003 114.93293097]
 [114.93293097  67.00089972]]
X1 = 
[[ 5.95273318  1.40856283]
 [ 9.87287377  4.28957712]
 [ 7.30969374  2.41165946]
 [10.3407611   4.64277355]
 [ 6.58891573  2.82042187]
 [ 7.15732806  2.54067308]
 [ 7.46384818  2.63420692]
 [ 6.96024855  1.68525705]
 [ 4.82004572  0.89049492]
 [11.41500297  5.04812089]
 [ 7.96707591  2.83767559]
 [10.67503896  4.43569737]
 [ 4.78164549  0.93653008]
 [ 4.91238594  1.51178677]
 [ 5.51970904  1.5034642 ]
 [ 8.71887443  3.58116679]
 [ 9.88510642  4.3712997 ]
 [ 8.91665126  3.82443062]
 [10.87357837  5.03844485]
 [ 6.29942001  1.96986624]
 [ 8.31775936  3.31464732]
 [ 6.76324753  2.63990655]
 [ 7.24056688  3.10385544]]
X2 = 
[[  9.31670448   8.27367716]
 [  8.1117147    7.02081477]
 [-11.96077914  -4.30641875]
 [-10.83731075  -3.62512417]
 [ 12.24336771   9.58053955]
 [ -4.28406097   0.06492652]
 [  2.34318845   4.06040025]
 [  1.82935526   3.51351912]
 [  7.03001341   6.58442973]
 [-12.37129551  -4.82078343]
 [-25.44175359 -12.31873685]
 [  1.93687124   4.09826305]
 [ 12.95815522  10.0496128 ]
 [  0.34569442   2.73058885]
 [ 22.39780537  15.5991021 ]
 [ 16.96318559  12.14986509]
 [ 30.41752116  20.4515377 ]
 [ -3.95030879   0.21123983]
 [  1.09940546   3.16608449]
 [ -0.96066166   2.12994652]
 [ -0.6111805    2.17555399]
 [  4.96845088   5.58975056]
 [ 15.55215965  11.74377387]]
y = 
[1 1 1 1 1 1 1 1 1 1 1 1 1 1 1 1 1 1 1 1 1 1 1 0 0 0 0 0 0 0 0 0 0 0 0 0 0
 0 0 0 0 0 0 0 0 0]