Criteria: Estimation-Maximisation
seed = 391
Time[min] = 3.9418538411458336e-05
mu1 = 
[0.58556282 1.24827647]
mu2 = 
[0.59556165 1.41272344]
sigma1 = 
[[4.76366595 1.49376822]
 [1.49376822 0.60513544]]
sigma2 = 
[[45.00594832 16.1551338 ]
 [16.1551338   5.89323257]]
X1 = 
[[-4.49821135 -0.01448881]
 [ 0.50813652  1.58699114]
 [ 2.85262421  2.40769319]
 [-0.60261091  0.63200374]
 [-0.25068055  1.20714391]
 [-0.81005106  0.963381  ]
 [ 0.01291643  0.36127389]
 [-6.62515454 -0.5749885 ]
 [ 1.60262601  1.39590776]
 [ 1.38235879  1.78473179]
 [ 4.43741477  2.62371984]
 [-1.30422781  1.0923336 ]
 [ 0.09758676  1.20544138]
 [ 0.15098683  0.42336922]
 [ 1.14202331  1.32892543]]
X2 = 
[[  6.55475951   3.64892614]
 [ -5.96307305  -0.90372028]
 [  2.97173067   2.55616412]
 [ -1.05328848   0.56110023]
 [  6.93462873   4.08935513]
 [ -4.94334426  -0.47240076]
 [ -7.30215872  -1.50423596]
 [ -2.45604998   0.17112433]
 [-11.69738154  -3.77729393]
 [ 10.64486126   4.98194986]
 [  6.16556453   3.74613336]
 [  7.73662918   3.36099803]
 [ -5.81093213  -0.86744549]
 [  0.65797319   1.06275015]
 [  6.73961782   3.70553238]]
y = 
[0 1 1 1 1 1 1 0 1 1 1 1 1 1 1 1 0 1 1 1 0 0 1 0 1 1 1 0 1 1]