Criteria: Estimation-Maximisation
seed = 274
Time[min] = 2.4982293446858724e-05
mu1 = 
[2.82495408 6.00750412]
mu2 = 
[9.56290661 1.25300995]
sigma1 = 
[[0.11438893 0.10900937]
 [0.10900937 0.28774413]]
sigma2 = 
[[0.13191526 0.32613753]
 [0.32613753 0.83984986]]
X1 = 
[[3.01613032 5.9623417 ]
 [3.39838319 6.81218651]
 [2.837693   5.85635228]
 [2.89267113 5.92505431]
 [3.14260744 6.16504704]
 [2.8186018  6.24802064]
 [3.2928024  6.60338764]
 [2.91132795 6.00090056]
 [3.35091205 6.10504294]
 [2.57212818 6.26229253]]
X2 = 
[[9.62850779 1.43118064]
 [9.69367084 1.5196362 ]
 [9.28598409 0.62591652]
 [9.42432218 1.03483152]
 [9.99572628 2.12392913]
 [9.68567597 1.5319179 ]
 [9.43131457 0.98793732]
 [9.63858605 1.45381383]
 [9.58670809 1.40859828]
 [9.19928479 0.03307572]]
y = 
[0 0 0 0 0 0 0 0 0 0 1 1 1 1 1 1 1 1 1 1]