Criteria: Estimation-Maximisation
seed = 412
Time[min] = 5.3199132283528644e-05
mu1 = 
[9.44967264 8.81242955]
mu2 = 
[6.90903599 2.16053828]
sigma1 = 
[[3.41313201 2.8464697 ]
 [2.8464697  2.39576969]]
sigma2 = 
[[92.67336767 77.91023515]
 [77.91023515 65.49951381]]
X1 = 
[[ 9.60289396  9.31717591]
 [13.90669194 12.4008054 ]
 [ 8.14555915  7.83782173]
 [ 9.98962321  8.87136336]
 [ 7.36468608  6.97489297]
 [10.06320781  9.01020881]
 [ 9.96038958  9.33865816]
 [ 6.57807838  6.32258704]
 [10.63188416  9.77814527]
 [11.72521039 10.53108288]
 [ 9.59906822  9.02377339]
 [ 9.39306783  8.57865419]]
X2 = 
[[ 9.56073646  4.38203595]
 [20.05744964 13.21679667]
 [16.53910642 10.22602556]
 [ 7.91284119  3.01617601]
 [13.20445276  7.48897316]
 [ 6.70919642  2.0062845 ]
 [ 1.60270358 -2.27714692]
 [-0.70246131 -4.23366947]
 [ 2.6097118  -1.43344009]
 [-0.28401383 -3.88321021]
 [ 9.2564278   4.11047226]
 [ 5.20770063  0.74953035]]
y = 
[1 1 1 1 1 1 1 1 1 1 1 1 0 0 0 0 0 0 0 0 0 0 0 0]