Criteria: Estimation-Maximisation
seed = 273
Time[min] = 2.998510996500651e-05
mu1 = 
[0.72728569 0.64944317]
mu2 = 
[7.7128986  6.94338882]
sigma1 = 
[[4.27737291e-03 7.72105124e-02]
 [7.72105124e-02 8.67476346e+00]]
sigma2 = 
[[5.96329281e-02 6.69815957e+00]
 [6.69815957e+00 7.52521172e+02]]
X1 = 
[[ 0.7613912   0.4792026 ]
 [ 0.69810692  0.66155482]
 [ 0.66365745  0.35336646]
 [ 0.67547236 -3.80840159]
 [ 0.76821593 -1.12531466]
 [ 0.70863422  5.02432287]
 [ 0.69736587  1.55018888]
 [ 0.69577033  1.34493723]]
X2 = 
[[  7.56959034  -8.02923944]
 [  7.79952019  17.29440412]
 [  7.80917467  17.80777073]
 [  7.32516935 -36.08712189]
 [  7.66925613   1.62394541]
 [  7.77048478  12.75016782]
 [  7.99506585  38.42504722]
 [  7.52970746 -13.6561589 ]]
y = 
[0 0 0 0 0 0 0 0 0 0 0 1 0 0 0 0]