Criteria: Estimation-Maximisation
seed = 334
Time[min] = 4.4345855712890625e-05
mu1 = 
[2.38136567 0.32485289]
mu2 = 
[7.99337358 1.06530889]
sigma1 = 
[[0.306309   1.43975312]
 [1.43975312 6.85827522]]
sigma2 = 
[[ 20.82271563  99.18324066]
 [ 99.18324066 472.43227851]]
X1 = 
[[ 2.13539472 -0.50212349]
 [ 2.09182354 -0.697633  ]
 [ 2.82775662  2.46328349]
 [ 1.41049998 -4.23662507]
 [ 1.92003272 -1.1492692 ]
 [ 2.41229192  0.52948273]]
X2 = 
[[ 10.12529106  11.22140057]
 [ 11.55224274  18.01814665]
 [  3.62512925 -19.7681779 ]
 [  8.72220655   4.50803375]
 [  8.1612397    1.87993247]
 [  8.35453294   2.79705037]]
y = 
[1 1 1 1 1 1 0 0 0 0 0 0]