Criteria: Estimation-Maximisation
seed = 209
Time[min] = 6.422996520996093e-05
mu1 = 
[8.43283824 3.3811676 ]
mu2 = 
[2.93114697 0.9036921 ]
sigma1 = 
[[4.5990785  4.72769455]
 [4.72769455 5.14381044]]
sigma2 = 
[[244.66248028 264.92668415]
 [264.92668415 286.9389545 ]]
X1 = 
[[ 9.02877985  4.55287173]
 [ 6.86683216  1.65183163]
 [ 8.09038327  2.62397537]
 [ 5.81054252  0.20720482]
 [ 6.48388489  0.98069402]
 [ 9.76561479  5.28955716]
 [ 8.11608896  2.91196615]
 [ 7.62586276  2.33988601]
 [10.13278454  6.12110355]
 [ 8.3948407   2.36889551]
 [10.62044071  5.58487498]
 [ 6.52521004  1.54590042]
 [ 4.4130195   0.11703214]
 [ 9.40108105  5.21334421]
 [ 6.95496858  2.42026649]
 [ 6.53575234  1.38873657]]
X2 = 
[[  4.6949101    3.12174886]
 [  6.29099219   4.61348045]
 [ -2.07718421  -4.33152937]
 [  0.44526662  -2.13234027]
 [ 15.11929788  14.4193682 ]
 [ 19.49016615  19.00998611]
 [ 37.61884404  38.87995288]
 [  9.12070952   7.05552695]
 [ 21.85283994  21.41610147]
 [-11.62525724 -14.90608722]
 [ -0.14179887  -2.75556392]
 [  4.0418169    2.48850493]
 [-13.7854523  -16.93657681]
 [ 37.01941628  38.20716573]
 [ 10.53654081   9.23645057]
 [ 14.32746706  13.3139995 ]]
y = 
[0 0 0 0 0 0 0 0 0 0 0 0 0 0 0 0 1 1 1 1 1 1 1 1 1 1 1 1 1 1 1 1]