Criteria: Estimation-Maximisation
seed = 468
Time[min] = 5.4887930552164714e-05
mu1 = 
[1.04370467 5.44154377]
mu2 = 
[9.61810314 9.23906234]
sigma1 = 
[[0.98580006 1.43076789]
 [1.43076789 5.68747318]]
sigma2 = 
[[ 21.44276919  82.78499084]
 [ 82.78499084 325.52060845]]
X1 = 
[[-0.13596272  2.59864134]
 [ 1.36320733  1.53221073]
 [-1.68746738  1.97719476]
 [ 1.17054633  6.92392624]
 [-1.10100655  3.59099908]
 [-0.29828356  3.60346768]
 [ 2.26677078  5.65369861]
 [ 0.32377787  4.89451644]
 [ 0.13661097  3.35633714]
 [ 0.34628214  6.77362626]
 [-1.4951584   6.45594888]
 [ 1.16645808  4.35668514]
 [ 2.74555649 11.51385448]
 [ 0.59326623  6.9261067 ]
 [-0.20410892  6.9673291 ]
 [ 0.57970954  7.49434295]
 [ 0.09614083  5.69022972]
 [ 0.30505617  3.7963224 ]
 [ 1.32095519  8.71490041]
 [ 0.89250611  2.75735751]
 [-0.13774433  6.01761444]
 [-0.310952    7.05856846]
 [ 0.93160909  2.03741377]]
X2 = 
[[ 7.85098746  1.50467834]
 [ 6.35153739 -0.69494477]
 [ 7.0189717  -1.55008811]
 [ 7.73857457 -2.73527044]
 [14.1856598  28.38738603]
 [11.64271207 14.63464031]
 [ 7.03532273 -0.71608141]
 [ 7.05178026  1.84076912]
 [ 9.29461966  6.73368315]
 [ 9.2239977   6.66266171]
 [10.36661627 12.81933056]
 [10.72178326 14.01026002]
 [ 6.15911939 -7.8807893 ]
 [11.761768   20.08400865]
 [ 8.80354479  2.56974013]
 [10.06261677 14.34741839]
 [13.07091024 23.38507141]
 [12.31003366 15.09063111]
 [13.8916544  22.66667332]
 [12.4543232  21.77336354]
 [ 7.28683854  2.39045491]
 [15.60568605 31.9870919 ]
 [ 6.12565269 -3.90217426]]
y = 
[1 1 1 1 1 1 1 1 1 1 1 1 1 1 1 1 1 1 1 1 1 1 1 0 0 0 0 0 0 0 0 0 0 0 0 0 0
 0 0 0 0 0 0 0 0 0]