Criteria: Estimation-Maximisation
seed = 416
Time[min] = 4.536708196004232e-05
mu1 = 
[3.77609482 2.48038363]
mu2 = 
[3.13734218 8.77719159]
sigma1 = 
[[0.41577934 0.44045769]
 [0.44045769 0.78953728]]
sigma2 = 
[[2.11290219 3.66071085]
 [3.66071085 6.42769418]]
X1 = 
[[3.54612289 1.78548731]
 [4.4216084  2.85815003]
 [4.24325921 3.15204842]
 [3.81059464 3.48312546]
 [4.18224754 3.30863045]
 [3.94214577 2.14272736]
 [3.41797312 2.19252347]
 [4.22077813 2.59783109]
 [3.23947445 1.65664219]
 [3.38183417 2.06364885]
 [4.28733246 3.13685146]
 [4.08571546 3.36967602]
 [3.17332994 3.4169275 ]
 [4.37772891 2.8075938 ]
 [3.63105932 2.14315637]
 [4.9475542  3.47985451]
 [3.75089723 3.06732015]
 [3.39197386 1.71887257]
 [3.5760115  3.07419901]]
X2 = 
[[ 2.10179766  6.9677678 ]
 [ 4.17658655 10.55973631]
 [ 1.68565032  6.84391344]
 [ 2.88805271  8.23918361]
 [ 2.86357959  8.46499857]
 [ 3.73202397  9.79358918]
 [ 3.24011777  8.59728846]
 [ 3.1863944   8.70996617]
 [ 0.74478648  4.67515505]
 [ 1.15238375  5.82335114]
 [ 2.84082182  8.40668888]
 [ 3.86232322 10.24610459]
 [ 2.37932751  7.41089278]
 [ 4.4381636  11.25760874]
 [ 2.13068059  7.15274846]
 [ 2.04313579  6.5355027 ]
 [ 3.48205642  9.1205032 ]
 [ 2.63273465  8.1917341 ]
 [-1.85946063  0.83345917]]
y = 
[1 1 1 1 1 1 1 1 1 1 1 1 1 1 1 1 1 1 1 0 0 0 0 0 0 0 0 0 0 0 0 0 0 0 0 0 0
 0]