Criteria: Estimation-Maximisation
seed = 260
Time[min] = 2.8415520985921225e-05
mu1 = 
[0.96611739 2.17579343]
mu2 = 
[4.107294   8.44726317]
sigma1 = 
[[6.14834001 1.49403448]
 [1.49403448 0.69670277]]
sigma2 = 
[[60.12347511 19.59481149]
 [19.59481149  7.08608647]]
X1 = 
[[-6.10992527 -0.55023614]
 [ 3.36025453  2.3422102 ]
 [-0.12065332  2.42899487]
 [ 2.9318485   2.63587803]
 [-0.58205651  2.38457713]
 [ 3.46605828  2.50624305]
 [ 1.00997266  2.18815449]]
X2 = 
[[ 19.23779426  13.65623713]
 [  3.25441452   8.84161749]
 [  2.92657402   7.95919291]
 [  4.60290932   8.61592744]
 [-17.20886975   1.44616411]
 [ 15.69259233  11.67100672]
 [  1.30248331   7.62836078]]
y = 
[1 1 1 1 1 1 1 0 1 1 1 1 0 1]