Criteria: Estimation-Maximisation
seed = 248
Time[min] = 5.0516923268636066e-05
mu1 = 
[6.91986619 4.85035006]
mu2 = 
[1.94407434 5.09138758]
sigma1 = 
[[ 3.24946006  5.67967854]
 [ 5.67967854 10.56020061]]
sigma2 = 
[[ 333.14647414  618.24133647]
 [ 618.24133647 1147.43711687]]
X1 = 
[[ 3.68703181 -2.11849584]
 [ 6.70175001  5.02586298]
 [ 3.90722705 -0.69882781]
 [ 5.52946439  3.35292752]
 [ 8.61313177  9.14067664]
 [ 4.67271878  1.22025395]
 [ 6.96253596  3.48985266]
 [ 4.58687486  1.43516343]
 [ 5.7735858   3.47459873]
 [ 4.26635103 -0.43043385]
 [ 4.83696626  1.90369963]
 [10.30694014 10.88042408]
 [ 3.8776992  -0.8643578 ]
 [ 5.26842575  1.76420975]
 [ 8.70156767  8.04848908]
 [ 7.8606791   6.31544099]
 [ 5.45238331  2.40644676]
 [ 6.43329322  4.53720151]
 [ 4.20130021 -0.09527431]]
X2 = 
[[-16.05314881 -28.13992922]
 [  1.44015328   3.80930238]
 [-17.02036244 -30.48574667]
 [-21.17130541 -37.44673321]
 [-21.05789523 -37.83018518]
 [ -7.89192721 -13.40500006]
 [-16.76614288 -29.97632632]
 [ -0.249711     1.15305368]
 [ -8.03024342 -14.11218947]
 [ 24.10166462  45.28226781]
 [ 27.60371994  52.56341189]
 [ -2.14987094  -2.20456177]
 [ 34.38752961  66.08193159]
 [ 11.94482999  23.45383136]
 [-16.56401763 -28.7917146 ]
 [  5.70579075  11.77157458]
 [-10.54911048 -18.33981294]
 [  8.95027746  18.26501744]
 [ 30.01047198  57.87985377]]
y = 
[1 1 1 1 1 1 1 1 1 1 1 1 1 1 1 1 1 1 1 0 0 0 0 0 0 0 0 0 1 1 0 1 0 0 0 0 0
 1]