Criteria: Estimation-Maximisation
seed = 381
Time[min] = 2.683401107788086e-05
mu1 = 
[5.85302252 4.41391091]
mu2 = 
[6.85995891 2.61144448]
sigma1 = 
[[2.9173124  2.13551186]
 [2.13551186 1.5825399 ]]
sigma2 = 
[[54.11482073 40.02528257]
 [40.02528257 29.60473636]]
X1 = 
[[2.79544073 2.27315946]
 [5.90151498 4.35836507]
 [7.19428869 5.21301901]
 [5.35222385 3.7423709 ]
 [5.34201839 4.09549459]
 [4.9632406  3.78375954]
 [4.79431012 3.49900641]
 [5.84363445 4.43288645]
 [6.51039638 5.19717074]
 [4.64125505 3.60037818]
 [5.70693058 4.46135882]
 [6.6797019  4.91478475]]
X2 = 
[[-8.05408328 -8.40567347]
 [ 7.08669224  2.81031954]
 [19.4065588  11.90693031]
 [ 7.37875567  3.04726249]
 [12.60693157  6.85128048]
 [22.39570375 14.13579867]
 [-5.69628552 -6.74990131]
 [ 7.89169382  3.41510354]
 [ 4.94030645  1.19749173]
 [15.00771572  8.70086573]
 [16.87856232 10.0283724 ]
 [ 9.29338851  4.41221046]]
y = 
[0 0 0 0 0 0 0 0 0 0 0 0 1 0 0 0 0 0 1 0 0 0 0 0]