Criteria: Estimation-Maximisation
seed = 212
Time[min] = 3.7618478139241536e-05
mu1 = 
[2.32901634 9.11689574]
mu2 = 
[1.40201969 3.61589606]
sigma1 = 
[[0.00360556 0.04630215]
 [0.04630215 1.01587731]]
sigma2 = 
[[ 0.02145189  0.47054002]
 [ 0.47054002 10.32221108]]
X1 = 
[[ 2.39474769  9.9811013 ]
 [ 2.28982596  8.42334549]
 [ 2.33019804  9.56996153]
 [ 2.33991443  9.70796103]
 [ 2.29430201  8.92618405]
 [ 2.22952697  8.30295969]
 [ 2.43184202 11.5958495 ]
 [ 2.27408339  8.82164997]
 [ 2.24652343  8.25456065]
 [ 2.27105962  8.42873544]
 [ 2.32359589  9.17531168]
 [ 2.3581662   8.71090781]
 [ 2.29652851  8.31246663]
 [ 2.37086895  9.48395245]
 [ 2.37440766 10.22698161]
 [ 2.2889455   9.67873989]]
X2 = 
[[ 1.39607669  3.49787919]
 [ 1.26046059  0.51762498]
 [ 1.36843313  2.85621251]
 [ 1.4327033   4.25835752]
 [ 1.23615333  0.03638862]
 [ 1.42337104  4.10135449]
 [ 1.51816569  6.18944667]
 [ 1.20001713 -0.84090351]
 [ 1.26041874  0.53249867]
 [ 1.32684295  1.9924939 ]
 [ 1.32893661  1.95974456]
 [ 1.66962222  9.45424396]
 [ 1.45951414  4.8463727 ]
 [ 1.62629766  8.56552936]
 [ 1.37484985  2.96742858]
 [ 1.26250961  0.57705491]]
y = 
[1 1 1 1 1 1 1 1 1 1 1 1 1 1 1 1 0 0 0 0 0 0 0 0 0 0 0 0 0 0 0 0]