Criteria: Estimation-Maximisation
seed = 378
Time[min] = 3.999869028727214e-05
mu1 = 
[5.94324168 0.51057114]
mu2 = 
[0.19748506 0.96338723]
sigma1 = 
[[6.66791817 0.34527433]
 [0.34527433 0.17752322]]
sigma2 = 
[[45.65327634  2.91520309]
 [ 2.91520309  0.43435932]]
X1 = 
[[ 3.92652665  0.71556352]
 [ 4.56448073  0.34624553]
 [ 4.2924416   0.88184979]
 [ 7.51721572  0.98700627]
 [ 6.34072526  1.51163701]
 [ 8.63743734  0.55237915]
 [ 7.99720593  0.26668322]
 [ 4.10901553  1.0362151 ]
 [ 6.10623267  0.1130894 ]
 [ 2.35974749  0.75558005]
 [ 0.91376812  0.42298837]
 [ 8.33984246  0.5770126 ]
 [ 6.01971931  0.14393273]
 [10.07178131  0.96358077]]
X2 = 
[[ -3.64474376   1.46479734]
 [  2.5849619    2.29368928]
 [ -4.14486301   1.18491276]
 [-16.71348453  -0.71415877]
 [ -6.21680599   1.20526543]
 [ -1.96245458   0.88751557]
 [ -1.99712734   0.94496336]
 [  6.73693075   0.76693564]
 [ -0.76993239   0.66673993]
 [ -1.50412598  -0.13338379]
 [ -2.86569163   1.07488697]
 [ -2.94063606   1.20345624]
 [ -0.88470634   1.06631318]
 [  3.75715383   1.32761565]]
y = 
[0 0 0 0 1 0 0 0 0 0 1 0 0 0 1 1 1 1 1 1 1 0 1 1 1 1 1 1]