Criteria: Estimation-Maximisation
seed = 377
Time[min] = 4.471937815348307e-05
mu1 = 
[1.18484142 5.20949018]
mu2 = 
[4.91474563 1.74393632]
sigma1 = 
[[7.0144118  6.02822221]
 [6.02822221 5.31403357]]
sigma2 = 
[[412.59660355 362.62618496]
 [362.62618496 318.72899051]]
X1 = 
[[ 4.34891445  7.92072506]
 [ 1.24218203  5.20409586]
 [ 3.08254173  6.70467983]
 [-2.03651725  2.3098299 ]
 [ 3.19812152  7.21118751]
 [ 0.90286304  5.52489851]
 [ 4.23609937  8.23523401]
 [ 2.96817584  6.46000485]
 [ 3.89346166  7.63901193]
 [ 2.57633219  6.90622428]
 [ 3.65744803  8.1181867 ]
 [ 2.91840388  6.95226296]
 [ 1.1956138   5.58786144]
 [-2.6612859   2.12457792]
 [ 1.23200763  5.04229291]
 [-1.98306021  2.18890108]]
X2 = 
[[-16.68239055 -17.16234375]
 [ 20.54567904  15.71403918]
 [-13.1284737  -14.17089814]
 [  3.53499533   0.48010134]
 [  6.2406965    2.92220754]
 [-27.51949767 -26.74744353]
 [ -6.73372023  -8.44708518]
 [ 18.83928649  13.90984295]
 [-22.58831056 -22.26842799]
 [ 10.14132367   6.50107717]
 [-15.03014192 -15.81217997]
 [-21.65403326 -21.47936479]
 [  8.79440756   5.03584071]
 [ -7.20080161  -8.84481256]
 [ -0.66509362  -2.98154274]
 [-20.66277626 -20.73797016]]
y = 
[0 0 0 0 0 0 0 0 0 0 0 0 0 0 0 0 1 1 1 1 1 1 1 1 1 1 1 1 1 1 1 1]