Criteria: Estimation-Maximisation
seed = 352
Time[min] = 4.4067700703938804e-05
mu1 = 
[8.7293472  5.61688211]
mu2 = 
[1.19531368 6.43251063]
sigma1 = 
[[0.15534806 0.41281878]
 [0.41281878 1.20726063]]
sigma2 = 
[[ 1.72832651  5.04792926]
 [ 5.04792926 14.74520166]]
X1 = 
[[8.82361254 5.71379804]
 [8.4565937  5.39798279]
 [9.1951397  6.05308361]
 [8.39541677 4.40281362]
 [8.51869531 4.89546739]
 [8.26386304 4.76197877]
 [8.79251085 5.8872664 ]
 [8.51011574 4.76564693]
 [8.38955604 4.77389021]
 [8.04473084 3.9676626 ]
 [8.59503475 5.29606804]
 [8.59329335 5.07255549]]
X2 = 
[[ 0.92380888  5.64389242]
 [ 2.40783316  9.96726987]
 [ 1.10602376  6.16701179]
 [-0.03801164  2.82129715]
 [ 0.78081676  5.17472757]
 [ 0.52516241  4.52470605]
 [-0.22216222  2.35067479]
 [ 3.14026186 12.14151844]
 [-0.12159478  2.62215663]
 [ 0.66258642  4.87627182]
 [ 1.23930959  6.63521654]
 [ 3.80713033 14.05939693]]
y = 
[0 0 0 0 0 0 0 0 0 0 0 0 1 1 1 1 1 1 1 1 1 1 1 1]