Criteria: Estimation-Maximisation
seed = 79
Time[min] = 3.55839729309082e-05
mu1 = 
[5.00668126 4.68067426]
mu2 = 
[7.79173997 8.15080308]
sigma1 = 
[[0.47332439 0.89018582]
 [0.89018582 1.7056043 ]]
sigma2 = 
[[ 8.14834398 15.60439434]
 [15.60439434 29.88329109]]
X1 = 
[[4.38035832 3.58597822]
 [4.91594567 4.76784783]
 [4.32898411 3.88685712]
 [5.64889199 5.79971918]
 [5.92326781 6.27833121]
 [5.38259113 5.16355998]]
X2 = 
[[ 8.51577263  9.53754421]
 [ 5.86495023  4.47365768]
 [ 7.60573649  7.78052723]
 [10.06774331 12.52724793]
 [10.55704575 13.4565712 ]
 [ 8.34852371  9.23571224]]
y = 
[1 1 1 1 1 1 0 0 0 0 0 0]