Criteria: Estimation-Maximisation
seed = 443
Time[min] = 5.723237991333008e-05
mu1 = 
[7.01064859 9.26697308]
mu2 = 
[6.90965046 1.81538921]
sigma1 = 
[[3.25778885 1.50970038]
 [1.50970038 1.02269046]]
sigma2 = 
[[33.40514061 20.35784687]
 [20.35784687 12.73815304]]
X1 = 
[[ 9.14713661  9.28397427]
 [ 6.84346955  9.62313234]
 [ 7.39186209 10.67726067]
 [ 9.68061258 10.553658  ]
 [ 7.19862217  9.88549764]
 [10.71934942 11.38078975]
 [ 6.22421767  9.24860656]
 [ 6.10773567  7.88911065]
 [ 5.47917718  8.04353719]
 [ 6.30575418  8.80530207]
 [10.08938233 10.00481438]
 [ 5.59020374  7.31600679]
 [ 8.61348216  9.36423548]
 [ 7.01691098  9.25645756]
 [ 7.34579439  8.54751697]
 [ 8.26373629  9.57541612]
 [ 6.70909545  8.91890477]
 [ 4.87080191  8.20993236]
 [ 6.34103637 10.12321969]
 [ 6.0172295   9.43456686]
 [ 6.863346    9.69581629]
 [ 8.2786671   9.79727565]
 [ 6.95370974  9.80940033]]
X2 = 
[[ 8.41930816  3.04479221]
 [12.48272946  5.7720689 ]
 [-0.85450813 -2.46634377]
 [ 4.33801893  0.35818266]
 [ 5.92060042  2.62675801]
 [ 3.65993435 -0.07585456]
 [12.63573462  5.32454824]
 [ 9.8166397   4.02288577]
 [ 2.24208491 -1.45479414]
 [ 8.55599982  2.89530372]
 [ 2.85125521 -0.88537212]
 [-1.54701856 -3.58135372]
 [-1.02249007 -3.54078392]
 [ 2.79195438 -1.93098372]
 [ 8.65281787  1.62049594]
 [ 6.47117757  1.49943074]
 [12.72153594  5.61696724]
 [13.85475878  6.17881828]
 [ 3.6813311  -0.07416511]
 [ 4.02027542 -0.46236583]
 [13.44537062  3.96760964]
 [12.74962679  4.53714311]
 [10.7786487   3.8761996 ]]
y = 
[0 0 0 0 0 0 0 0 0 0 0 0 0 0 0 0 0 0 0 0 0 0 0 1 1 1 1 1 1 1 1 1 1 1 1 1 1
 1 1 1 1 1 1 1 1 1]