Criteria: Estimation-Maximisation
seed = 403
Time[min] = 5.05526860555013e-05
mu1 = 
[1.82373566 5.8149169 ]
mu2 = 
[7.17041364 4.3115606 ]
sigma1 = 
[[1.70545776 2.21390903]
 [2.21390903 3.152269  ]]
sigma2 = 
[[ 51.92251807  73.56409627]
 [ 73.56409627 104.26939143]]
X1 = 
[[ 2.70414840e+00  6.99359115e+00]
 [ 3.52458011e+00  7.74378583e+00]
 [-7.09486311e-01  1.90855207e+00]
 [ 3.96740932e+00  8.21321159e+00]
 [ 1.91246753e+00  5.11858465e+00]
 [ 1.72049602e+00  5.34398971e+00]
 [-1.88130877e-01  2.80928256e+00]
 [ 1.06443589e-02  2.76618866e+00]
 [ 9.00041965e-01  4.58369687e+00]
 [ 1.29128204e+00  5.78500058e+00]
 [ 8.42483383e-02  3.39778041e+00]
 [ 1.85815567e+00  5.37578451e+00]
 [ 1.63443500e+00  5.73252583e+00]
 [ 6.24308481e+00  1.22781625e+01]
 [ 1.57509587e+00  6.08396356e+00]
 [ 5.58633302e-01  3.68480294e+00]
 [ 3.25068065e+00  6.01148507e+00]
 [ 7.56680353e-01  4.77689824e+00]]
X2 = 
[[  7.12810244   4.62699792]
 [ 11.19455885   9.61479609]
 [ 10.82349      9.47928228]
 [ 14.06886369  14.00554789]
 [  1.72203118  -3.44728112]
 [  9.70275507   7.88810716]
 [  5.28449987   1.54652087]
 [  7.74206949   4.9064193 ]
 [  1.9341117   -3.04211336]
 [  6.81330188   4.18526797]
 [ -2.12679319  -8.7341542 ]
 [  8.36186347   5.83127528]
 [ 11.23426916  10.1146634 ]
 [ 14.77075526  15.21717658]
 [  1.71423041  -3.89900507]
 [-10.87010773 -21.07539932]
 [ 19.51773515  21.62366505]
 [ 18.34527708  20.22879407]]
y = 
[1 1 1 1 1 1 1 1 1 1 1 1 1 1 1 1 1 1 0 0 0 0 0 0 0 0 0 0 0 0 0 0 0 0 0 0]