Criteria: Estimation-Maximisation
seed = 287
Time[min] = 4.788637161254883e-05
mu1 = 
[1.44485231 7.1075312 ]
mu2 = 
[9.5515133  0.33357888]
sigma1 = 
[[6.71557363 0.33369245]
 [0.33369245 0.05230729]]
sigma2 = 
[[46.2124357   2.41548171]
 [ 2.41548171  0.13871117]]
X1 = 
[[ 0.31038455  7.14537038]
 [ 1.8004364   6.94370071]
 [ 0.57389217  6.91879196]
 [ 7.37881984  7.16710695]
 [-0.40801522  7.12955537]
 [-0.07049001  6.89102402]
 [-0.30573622  6.62126377]
 [ 0.74351665  7.21400105]
 [-3.15181445  7.17970705]
 [ 1.20887689  6.8402255 ]
 [ 1.39714608  7.22152976]]
X2 = 
[[ 9.733823    0.13040376]
 [18.15275239  0.70237008]
 [-0.42060302 -0.39724813]
 [ 4.91711888 -0.13469301]
 [14.46434005  0.62063715]
 [ 4.53188064  0.34981303]
 [14.46168135  0.59082247]
 [11.8092648   0.3719953 ]
 [ 7.16179857  0.21573996]
 [-2.91014194 -0.2531063 ]
 [ 8.11962932  0.46285534]]
y = 
[0 0 0 1 0 0 0 0 0 0 0 1 1 1 1 1 1 1 1 1 1 1]