Time[min] = 2169.8852422237396
mu1 = 
[1 3]
mu2 = 
[1 3]
sigma1 = 
[[ 50.5 -49.5]
 [-49.5  50.5]]
sigma2 = 
[[50.5 49.5]
 [49.5 50.5]]
X1 = 
[[  7.86630679   3.34180128   3.47550502  -3.04026277 -17.56961037
  -10.19438294  -2.80335272   2.97232776   4.83899674   5.72625647]
 [ -2.60177409   0.69052733  -0.47397883   7.23795065  23.14893047
   14.07294896   5.93872131   0.03006229   2.02803658  -0.49145733]]
X2 = 
[[ -6.17946617  10.28922481   0.45889859   2.59175401  17.36011748
    1.26018107  10.93099007   6.89311434  -5.57915234  18.52884353
    0.74932868   2.35367641  -4.10759211 -15.71307914  -5.70782889
  -11.02479668]
 [ -2.69787154  10.53480513   2.75900999   6.29186972  17.83168507
    3.95811565   9.53704533   5.73449601  -1.66034482  21.53117562
    1.91742552   4.58446829  -4.01461304 -17.87726521  -3.84016998
   -6.79199127]]
H1 = 
[[ 0.18596332 -0.19275814]
 [-0.19275814  0.19980866]]
H2 = 
[[1.42939692 1.4042571 ]
 [1.4042571  1.37961405]]
tail_H1 = 0.9799821409899313
tail_H2 = 25.732258123118097
centre_1 = 
[-363.52598517 -350.12723158]
centre_2 = 
[ 144.55988122 -142.92367411]
y = 
[ 1.  1.  1.  1.  1.  1.  1.  1. -0.  1. -0. -0. -0. -0. -0. -0. -0. -0.
 -0. -0. -0. -0. -0. -0. -0. -0.]