Criteria: -lndet(H1)-lndet(H2)
seed = 365
Time[min] = 0.8480358322461446
mu1 = 
[9.41455743 6.41602705]
mu2 = 
[7.66625774 3.05012427]
sigma1 = 
[[3.93274455 2.53867665]
 [2.53867665 1.65057528]]
sigma2 = 
[[79.9152711  51.88673593]
 [51.88673593 33.68886658]]
X1 = 
[[ 8.16680771  9.41519927 11.34450576  8.9155291   9.45751084 12.11621622
   9.77366976 11.24836016  9.01971838  7.1338439  11.9898343   7.72857292
   8.14227439  8.76645942 10.83357616 13.24939184  9.99764696]
 [ 5.57141414  6.43365079  7.6192836   6.13104803  6.60895942  8.17944225
   6.61781795  7.52590911  6.12507878  4.87180395  8.08618965  5.400893
   5.68488053  5.8848608   7.29892156  9.06294688  6.72361217]]
X2 = 
[[14.98223391 15.29756287 -3.58487729  2.66611709 11.08395487  2.20147532
  16.28314916 21.29079109 13.24308814 -9.66301352  4.46949513  1.9935869
  17.43311664 12.78588269 -5.15438156 13.30774823 -2.64005753]
 [ 7.80110132  8.01777351 -4.24891636 -0.18933322  5.23998817 -0.50303497
   8.67257431 11.8864235   6.67635284 -8.20170974  0.98191838 -0.63723289
   9.37166229  6.37908289 -5.24536254  6.71700101 -3.65958298]]
H1 = 
[[ 41.78547893 -62.12531296]
 [-62.12531296  92.78752996]]
H2 = 
[[ 146.3474895  -225.48770158]
 [-225.48770158  347.43936774]]
tail_H1 = 22.673155095955256
tail_H2 = 1294.618253413248
centre_1 = 
[10.26204394  7.00539773]
centre_2 = 
[5.81661266 1.84592085]
y = 
[-0. -0. -0. -0. -0. -0. -0. -0. -0. -0. -0. -0. -0. -0. -0. -0. -0.  1.
  1.  1.  1.  1.  1.  1.  1.  1.  1.  1.  1.  1.  1.  1.  1.  1.]