Criteria: -lndet(H1)-lndet(H2)
seed = 312
Time[min] = 0.7732904036839803
mu1 = 
[2.16726879 4.1872202 ]
mu2 = 
[4.36104759 6.84504864]
sigma1 = 
[[0.46157666 1.4157082 ]
 [1.4157082  4.60261932]]
sigma2 = 
[[ 20.25535003  65.81311695]
 [ 65.81311695 213.84527609]]
X1 = 
[[1.59333636 1.90033609 1.1225762  2.08095655 1.88154718 1.93996619
  2.54238052 3.05203256 2.44721525 1.08227621 1.85663222]
 [2.18760996 2.45545904 1.17339396 3.60199175 2.72497142 2.60951284
  5.32605919 6.82462177 5.01937152 0.63217683 3.28415403]]
X2 = 
[[ -1.95139654   5.58971804  13.67988467  -0.75385054  -4.28207667
    1.10499072   1.39427451   9.15403133   4.20460096  -1.83378803
    5.05077803]
 [-13.69239554  10.88101509  36.94034194  -9.79245504 -21.34352897
   -3.76066963  -2.8432192   22.32874565   6.27207512 -13.2960117
    8.8978483 ]]
H1 = 
[[ 42.79082818 -13.75695478]
 [-13.75695478   4.59364495]]
H2 = 
[[ 865.31207156 -266.62839225]
 [-266.62839225   82.15801678]]
tail_H1 = 38.10156989094727
tail_H2 = 4507.305184201207
centre_1 = 
[2.02499034 3.48451727]
centre_2 = 
[4.78632276 8.12764687]
y = 
[-0. -0. -0. -0. -0. -0. -0. -0. -0. -0. -0.  1.  1.  1.  1.  1.  1.  1.
  1.  1.  1.  1.]