Criteria: -lndet(H1)-lndet(H2)
seed = 251
Time[min] = 1.6727976004282634
mu1 = 
[6.37611229 1.03016475]
mu2 = 
[5.34393664 3.69126425]
sigma1 = 
[[0.13354602 0.79978838]
 [0.79978838 8.0607145 ]]
sigma2 = 
[[  6.414449    64.57546615]
 [ 64.57546615 650.3908446 ]]
X1 = 
[[ 7.0715752   6.32310741  6.31108179  6.15838979  5.96599141  6.26929167
   7.01094686  6.01605122  6.11107934  6.63599279]
 [ 8.44046228  1.744712   -0.82076433  0.80765323  2.36871143 -1.98425551
   8.41981749 -0.62945478 -0.37686249  3.49525412]]
X2 = 
[[  4.27945674   3.45244884   5.9341395    8.18081256   5.84552017
    3.8839195    8.92670338   3.25249328   6.58020786  11.56548183]
 [ -6.79040115 -15.59649404   7.76957624  31.21838668   8.5732687
  -11.22802296  39.45062454 -17.50062996  16.71579389  66.67301108]]
H1 = 
[[983.38209564 -82.76983286]
 [-82.76983286   7.40576857]]
H2 = 
[[ 2.31359223 -0.21333201]
 [-0.21333201  0.02041846]]
tail_H1 = 36663.4135664374
tail_H2 = 73.18863710577784
centre_1 = 
[ 6.06797605 -0.44978503]
centre_2 = 
[ 7.0290761  15.72923772]
y = 
[ 1.  1.  1. -0.  1.  1.  1. -0. -0.  1.  1.  1.  1.  1.  1.  1.  1.  1.
  1.  1.]