Criteria: -lndet(H1)-lndet(H2)
seed = 390
Time[min] = 6.446012886365255
mu1 = 
[8.97251678 5.63484484]
mu2 = 
[3.4454966 9.6908514]
sigma1 = 
[[2.95532713 4.49713361]
 [4.49713361 8.06496282]]
sigma2 = 
[[210.97606554 375.98265439]
 [375.98265439 670.66046281]]
X1 = 
[[12.55543373  8.75893725  9.01447158  9.28602868 10.03624046  8.65919531
   8.38762457 11.20796227  9.83431417  8.570535    9.11570835  8.48797187
   8.36491784  6.34028476  8.84105242  5.71161733  6.69681425]
 [12.10894334  4.96816467  5.51772244  4.62153536  4.22838485  3.40985486
   4.83226064  7.16616923  7.99958358  5.94779583  4.85917189  3.77975829
   5.9305742   0.69032003  5.97701663  0.29284255  1.52351713]]
X2 = 
[[ 10.64338278 -17.67341912  25.60897141 -10.34599578   1.93142925
   10.80731473  14.7027444    7.37309635   7.0380742  -14.19168448
   10.43763102   9.74233416  13.15915362  -4.41177506  26.76396695
   -3.31210028  -0.92354362]
 [ 21.31018291 -27.71108909  48.34833276 -15.41484435   7.05258464
   22.09637877  29.43430731  17.06948623  16.66838728 -20.78466972
   22.93554415  21.28036661  27.21360518  -4.45837304  48.84834675
   -1.71673441   1.72285904]]
H1 = 
[[ 0.049929   -0.02774945]
 [-0.02774945  0.01645092]]
H2 = 
[[16.42613681 -8.84619205]
 [-8.84619205  5.47560775]]
tail_H1 = 1.1662122224428062
tail_H2 = 598.5539247882357
centre_1 = 
[5.98949737 8.28667053]
centre_2 = 
[8.63548597 5.02011527]
y = 
[-0.  1.  1. -0. -0. -0.  1. -0. -0. -0. -0. -0. -0. -0. -0. -0. -0. -0.
 -0. -0. -0. -0. -0. -0. -0. -0. -0. -0. -0. -0. -0. -0. -0. -0.]