Criteria: -lndet(H1)-lndet(H2)
seed = 394
Time[min] = 25.54872346719106
mu1 = 
[5.09349997 5.31158242]
mu2 = 
[9.21933377 2.49686641]
sigma1 = 
[[4.35257315 4.20294425]
 [4.20294425 4.70158195]]
sigma2 = 
[[195.59229706 215.89849087]
 [215.89849087 238.71346904]]
X1 = 
[[3.31433935 7.03198579 5.88181452 4.04779012 4.63420361 4.8607157
  5.11837956 5.45200109 3.60434801 4.18275937 5.3948493  3.80768127
  4.63256541]
 [4.97638695 6.94229979 5.82470156 4.15501562 6.51328219 4.66241969
  5.56050175 5.42830315 3.52769199 4.05370236 6.05490379 3.34702662
  4.04130581]]
X2 = 
[[ 2.33124305e+01  8.17096440e-01  3.82856539e+00  1.95228737e+00
   1.29683621e+01  1.03284087e+01  1.43635663e-02  1.85134155e+01
   8.39273283e+00  6.93047916e+00  5.52098325e+00  9.71673964e+00
   8.64620352e+00]
 [ 1.86790217e+01 -6.17951015e+00 -2.94333598e+00 -5.31108168e+00
   5.62287066e+00  4.88130283e+00 -7.80890427e+00  1.26566868e+01
   1.81677016e+00  1.37644968e-01 -1.79883861e+00  3.41518354e+00
   1.82832237e+00]]
H1 = 
[[ 0.07086628 -0.06117596]
 [-0.06117596  0.06134374]]
H2 = 
[[ 26.92530347 -24.94544371]
 [-24.94544371  28.22643494]]
tail_H1 = 2.6079072335717686
tail_H2 = 81.32342095936174
centre_1 = 
[9.32039784 5.7945496 ]
centre_2 = 
[3.87978686 3.87133644]
y = 
[-0. -0. -0.  1. -0. -0. -0. -0.  1.  1. -0. -0. -0. -0. -0. -0. -0. -0.
 -0. -0. -0. -0. -0. -0. -0. -0.]