Criteria: -lndet(H1)-lndet(H2)
seed = 378
Time[min] = 3.0162561813990276
mu1 = 
[5.94324168 0.51057114]
mu2 = 
[0.19748506 0.96338723]
sigma1 = 
[[6.66791817 0.34527433]
 [0.34527433 0.17752322]]
sigma2 = 
[[45.65327634  2.91520309]
 [ 2.91520309  0.43435932]]
X1 = 
[[ 4.2924416   7.51721572  6.34072526  8.63743734  7.99720593  4.10901553
   6.10623267  2.35974749  0.91376812  8.33984246  6.01971931 10.07178131
   4.46142293  6.8344738 ]
 [ 0.88184979  0.98700627  1.51163701  0.55237915  0.26668322  1.0362151
   0.1130894   0.75558005  0.42298837  0.5770126   0.14393273  0.96358077
   1.03193948  1.50182764]]
X2 = 
[[ -4.14486301 -16.71348453  -6.21680599  -1.96245458  -1.99712734
    6.73693075  -0.76993239  -1.50412598  -2.86569163  -2.94063606
   -0.88470634   3.75715383   0.73283086   5.4371926 ]
 [  1.18491276  -0.71415877   1.20526543   0.88751557   0.94496336
    0.76693564   0.66673993  -0.13338379   1.07488697   1.20345624
    1.06631318   1.32761565   0.675134     1.76809489]]
H1 = 
[[ 0.01491771 -0.10790121]
 [-0.10790121  1.87285455]]
H2 = 
[[  13.46888763 -128.52016399]
 [-128.52016399 1800.62120554]]
tail_H1 = 1.6442848433269626
tail_H2 = 1033.1474777888457
centre_1 = 
[-2.28249534  0.43397199]
centre_2 = 
[4.25762527 1.03131945]
y = 
[-0.00000000e+00 -0.00000000e+00 -0.00000000e+00 -0.00000000e+00
 -0.00000000e+00  1.00000000e+00  1.59280226e-08 -0.00000000e+00
 -0.00000000e+00 -0.00000000e+00 -0.00000000e+00 -0.00000000e+00
  1.00000000e+00 -0.00000000e+00 -0.00000000e+00 -0.00000000e+00
 -0.00000000e+00 -0.00000000e+00 -0.00000000e+00 -0.00000000e+00
 -0.00000000e+00 -0.00000000e+00 -0.00000000e+00 -0.00000000e+00
 -0.00000000e+00 -0.00000000e+00 -0.00000000e+00 -0.00000000e+00]