Criteria: -lndet(H1)-lndet(H2)
seed = 495
Time[min] = 0.7838635285695393
mu1 = 
[2.88063199 9.81498817]
mu2 = 
[9.61083239 5.07119069]
sigma1 = 
[[3.25233681 3.80726739]
 [3.80726739 4.58532332]]
sigma2 = 
[[155.53054486 186.9580356 ]
 [186.9580356  224.74718453]]
X1 = 
[[ 5.35278137  2.19553891  4.0800392   4.58741347  1.41139162  4.61486343
   5.96030558  5.1670528   0.65697878  4.95596138 -0.06701208  1.51629387
   2.77661401  1.43297252  2.11937652  2.71282936  6.24665954  0.04701337
   4.16166593  3.06804597  4.34686242  0.33174375  3.01474281]
 [12.97611498  8.71817665 12.22040358 11.54578356  8.18409961 12.27161447
  13.46241307 12.56722051  7.45657235 12.02025734  5.99784879  8.03650536
   9.28064309  7.53331519  9.49130742 10.67154709 14.43367394  6.51789985
  11.25133513 10.45853366 11.83952596  6.73860995  9.79419886]]
X2 = 
[[  9.59386723  12.18756415   8.35743954 -15.9803136   16.80895966
   13.96138087  -2.42495361  18.67098852   7.2867126    1.51971985
   30.35777934  19.81187864  13.08911715  31.56664367  24.79028155
   -9.37406144 -20.5217889   -5.93523964 -27.19211637  -1.96463688
    9.91146396 -15.40197694  -1.54358287]
 [  5.13393577   7.96122785   3.43338601 -25.59415513  13.63914688
   10.30924107  -9.39610162  16.16736626   2.28465104  -4.7889844
   30.23296786  17.38691827   9.23527535  31.4503105   23.2472141
  -17.68551897 -31.13074565 -13.75317583 -39.11825809  -8.93039879
    5.28775737 -24.98543857  -8.30693211]]
H1 = 
[[ 4.6855478  -3.67022528]
 [-3.67022528  2.97954967]]
H2 = 
[[ 15.15076894 -12.59891844]
 [-12.59891844  10.47806947]]
tail_H1 = 128.72131000133612
tail_H2 = 432.1926752548328
centre_1 = 
[ 2.89712088 10.08040663]
centre_2 = 
[ 2.64071011 -3.23621889]
y = 
[-0. -0. -0. -0. -0. -0. -0. -0. -0. -0. -0. -0. -0. -0. -0. -0. -0. -0.
 -0. -0. -0. -0. -0.  1.  1.  1.  1.  1.  1.  1.  1.  1.  1.  1.  1.  1.
  1.  1.  1.  1.  1.  1.  1.  1.  1.  1.]