Criteria: -lndet(H1)-lndet(H2)
seed = 160
Time[min] = 0.32201263507207234
mu1 = 
[8.33392825 3.23434575]
mu2 = 
[1.7744367  3.91888142]
sigma1 = 
[[1.0840962  2.35699256]
 [2.35699256 5.20197009]]
sigma2 = 
[[ 56.72940398 125.16525474]
 [125.16525474 276.16034177]]
X1 = 
[[ 8.96756685 10.171682    8.67869539  8.2571463   7.86715501  9.52728774
   6.27143121  8.65134494  8.36704617  9.447648    8.85786995  7.36395367]
 [ 4.59276966  7.91665152  3.53740237  3.20111096  2.59316977  6.32306001
  -1.04577985  3.57487624  3.61790063  5.81353137  3.89979726  1.35625998]]
X2 = 
[[  6.98038131   7.51211547   9.76183624   1.61922567  -9.64678141
   -4.3963556    1.23710971   9.56555974   4.74057902  -1.32614878
    9.03419508 -10.02659954]
 [ 15.40976399  16.62058476  21.5039739    3.58848393 -21.29141504
   -9.69941395   2.75122503  21.12480337  10.44506718  -2.95708154
   19.92553116 -22.17538191]]
H1 = 
[[ 40.08728693 -18.16297376]
 [-18.16297376   8.23252721]]
H2 = 
[[ 23.95186987 -10.50321507]
 [-10.50321507   4.68022862]]
tail_H1 = 1.5243031805210974
tail_H2 = 1128.8964368298261
centre_1 = 
[-0.12565478 -0.33253441]
centre_2 = 
[8.43368241 3.59026059]
y = 
[ 1.  1.  1.  1.  1.  1.  1.  1.  1.  1.  1.  1. -0. -0. -0. -0. -0. -0.
 -0. -0. -0. -0. -0. -0.]