Criteria: -lndet(H1)-lndet(H2)
seed = 235
Time[min] = 5.628835666179657
mu1 = 
[9.30588103 5.22707047]
mu2 = 
[8.38260931 0.87924307]
sigma1 = 
[[8.61244485 5.83075399]
 [5.83075399 4.05095128]]
sigma2 = 
[[414.15112739 286.41805059]
 [286.41805059 198.09975477]]
X1 = 
[[14.9817113   8.72805507  8.62190376 12.62497462 13.11890448 13.09095064
  13.7630297   9.48247724 12.36157733  5.96697771  8.6364744   7.52708801
   6.38322235 10.24150163  8.45629225 10.54770059  5.49395413  8.42967232]
 [ 9.0895874   4.95213556  4.52082229  6.96779603  7.67677866  8.17434354
   7.65859716  5.03252393  7.96263248  3.67847147  4.7252957   3.70375203
   3.65826965  5.84439197  4.12602804  6.0368712   2.67827763  4.51074607]]
X2 = 
[[ 54.76679682  19.63823031  16.52103565  25.46379658   6.46833121
   20.10913506  12.59812546  -2.01108988  26.1543752   11.34358496
   23.30103202  -2.78558462  12.4652177  -52.68949783  -2.12938159
   36.50965134  12.30420529   7.5981713 ]
 [ 33.01334068   8.91805253   6.58738115  12.68388482  -0.39042138
    9.07678523   3.88561985  -6.36755116  13.2137687    3.14732379
   11.40191649  -6.7184802    3.55512613 -41.37041699  -6.65674201
   20.3609474    3.60589795   0.36355279]]
H1 = 
[[ 50.43883005 -73.60861194]
 [-73.60861194 108.40716306]]
H2 = 
[[ 0.11073636 -0.15864509]
 [-0.15864509  0.22834945]]
tail_H1 = 2412.397013330584
tail_H2 = 3.6783546069425124
centre_1 = 
[11.77130666  3.33980016]
centre_2 = 
[ 2.68210506 -1.55902823]
y = 
[ 1.  1.  1.  1.  1.  1.  1.  1.  1.  1.  1.  1.  1.  1.  1.  1.  1.  1.
  1.  1.  1.  1.  1.  1. -0.  1.  1. -0.  1.  1.  1.  1.  1.  1. -0.  1.]