Criteria: -lndet(H1)-lndet(H2)
seed = 274
Time[min] = 1.3134724020957946
mu1 = 
[2.82495408 6.00750412]
mu2 = 
[9.56290661 1.25300995]
sigma1 = 
[[0.11438893 0.10900937]
 [0.10900937 0.28774413]]
sigma2 = 
[[0.13191526 0.32613753]
 [0.32613753 0.83984986]]
X1 = 
[[3.39838319 2.837693   2.89267113 3.14260744 2.8186018  3.2928024
  2.91132795 3.35091205 2.57212818 2.86165178]
 [6.81218651 5.85635228 5.92505431 6.16504704 6.24802064 6.60338764
  6.00090056 6.10504294 6.26229253 6.1148244 ]]
X2 = 
[[ 9.69367084  9.28598409  9.42432218  9.99572628  9.68567597  9.43131457
   9.63858605  9.58670809  9.19928479 10.06315044]
 [ 1.5196362   0.62591652  1.03483152  2.12392913  1.5319179   0.98793732
   1.45381383  1.40859828  0.03307572  2.3629627 ]]
H1 = 
[[25.45288351 -8.81109111]
 [-8.81109111  4.14008319]]
H2 = 
[[ 9.4345388  -4.69337311]
 [-4.69337311 10.8866891 ]]
tail_H1 = 2162.0506715804736
tail_H2 = 344.7945599746709
centre_1 = 
[9.62594461 1.20180102]
centre_2 = 
[3.06511925 6.33974051]
y = 
[ 1.  1.  1.  1.  1.  1.  1.  1.  1.  1. -0. -0. -0. -0. -0. -0. -0. -0.
 -0. -0.]