Criteria: -lndet(H1)-lndet(H2)
seed = 339
Time[min] = 2.500108583768209
mu1 = 
[6.37747311 1.71612134]
mu2 = 
[1.18541655 7.58231704]
sigma1 = 
[[2.80572407 0.39694495]
 [0.39694495 0.97133689]]
sigma2 = 
[[9.44774047 4.96939071]
 [4.96939071 9.59251878]]
X1 = 
[[ 6.08757151  6.13473746  6.36942146  4.28352755  7.45950031  6.63036863
   4.70476463  8.68033534  3.64675993  6.85945045  5.38372984]
 [ 2.44453401  1.37131408  1.78003926  3.02746819  2.25888376  1.39704251
   0.54741826  1.93695959  1.53889032 -0.11367951  0.45229171]]
X2 = 
[[ 4.95495097  0.49224047  6.0272537   2.40680707 -1.12770414  2.06189812
   5.14567051  2.88898249  3.30123409 -2.33126074  1.43522142]
 [11.22309755  4.47135947 10.98572943  7.48474134  7.0939042   3.84744577
   7.91649539  7.60684905 12.10317567  7.85683998  8.67015786]]
H1 = 
[[0.0648028  0.01857995]
 [0.01857995 0.05112439]]
H2 = 
[[25.03863761  5.5501636 ]
 [ 5.5501636  19.22484714]]
tail_H1 = 4.6111972842626825
tail_H2 = 1135.9448516736988
centre_1 = 
[3.51858076 6.24299152]
centre_2 = 
[6.24535028 1.58165981]
y = 
[-0.00000000e+00  1.00000000e+00  1.00000000e+00 -0.00000000e+00
 -0.00000000e+00 -0.00000000e+00 -0.00000000e+00 -0.00000000e+00
 -0.00000000e+00 -0.00000000e+00 -0.00000000e+00 -0.00000000e+00
 -0.00000000e+00 -0.00000000e+00 -0.00000000e+00 -0.00000000e+00
 -0.00000000e+00 -0.00000000e+00 -0.00000000e+00  9.29797073e-09
 -0.00000000e+00 -0.00000000e+00]