Criteria: -lndet(H1)-lndet(H2)
seed = 442
Time[min] = 47.98604505062103
mu1 = 
[3.94676174 1.98206641]
mu2 = 
[8.89344413 2.6227539 ]
sigma1 = 
[[6.60239466 3.73108506]
 [3.73108506 2.53781316]]
sigma2 = 
[[182.80157254 119.32206386]
 [119.32206386  78.32595222]]
X1 = 
[[ 2.39307849  2.15090037  5.6911778   5.56299123  4.10328936  6.43461035
   4.14299528 10.12921052  1.13635658 -1.17015751  5.5667304   7.82330814
   4.57435928  2.96869445  1.26668988  5.38302496  4.55514881  3.32241899
   6.50751029  0.28322314  4.36250116]
 [-0.14336497  2.223892    3.13301203  2.28728154  3.19802358  3.50681797
   2.46392386  6.7620586   0.52626383 -1.1607399   3.39919165  3.76509062
   2.0709119   1.20484842  0.59847422  3.14279951  2.6722816   1.59702549
   3.61217255 -0.97061988  1.51283868]]
X2 = 
[[  8.99383408  22.46140213  34.96141089  22.61097498   7.01601322
   33.97442021  26.96457581  15.77264094  24.80051895 -14.56292133
    9.27399564   9.39803292  11.85648246  10.08519179  12.66027733
   14.2532288    5.03832677  -3.90790254  -0.07321828  14.98298189
  -17.90533094]
 [  2.1218698   11.37914223  20.70323446  11.16637697  -0.43826975
   18.48525524  15.02456025   7.07212789  13.76424903 -12.06438672
    2.86856736   2.66812962   4.99357781   4.8221243    4.77763373
    6.00560231   1.26601567  -5.39141456  -3.74018801   6.55751276
  -14.39118303]]
H1 = 
[[ 42.51468472 -65.52615255]
 [-65.52615255 105.8809182 ]]
H2 = 
[[ 0.09749231 -0.15046784]
 [-0.15046784  0.23853654]]
tail_H1 = 94.26380583722944
tail_H2 = 2.080006426206716
centre_1 = 
[6.04168527 3.30340196]
centre_2 = 
[7.75144052 2.9202249 ]
y = 
[ 1.  1. -0.  1.  1. -0.  1.  1.  1.  1.  1.  1.  1.  1.  1.  1.  1.  1.
 -0.  1.  1.  1.  1.  1.  1.  1.  1.  1.  1.  1.  1.  1.  1.  1.  1.  1.
  1.  1.  1.  1.  1.  1.]