Criteria: -lndet(H1)-lndet(H2)
seed = 338
Time[min] = 11.478304700056713
mu1 = 
[1.17535012 5.62434873]
mu2 = 
[0.95285828 4.78766575]
sigma1 = 
[[2.33671608 0.95982681]
 [0.95982681 0.63697916]]
sigma2 = 
[[14.67291715  8.3567395 ]
 [ 8.3567395   4.97869198]]
X1 = 
[[ 2.40217802  0.55855792  2.87746576  1.1148363   1.71561147  1.53483345
   2.66092929 -0.28433611  1.95789816  0.38565745  2.53758076  1.2092172
  -0.12833227]
 [ 6.4709795   6.32040843  5.81097868  5.78749834  5.50349921  5.63414761
   6.29046714  4.48701609  6.84173557  5.41760286  6.04710393  5.81650277
   4.32387159]]
X2 = 
[[ 5.93218906  0.48311601 -0.91671008  0.27956214  2.42011268 -9.10511444
  -4.04369069  8.24642376 11.66228254  0.19938352 -2.32701037  4.61194632
  -0.26348818]
 [ 8.22481637  5.17277551  3.92819233  4.87300373  5.29159981 -1.79756343
   1.82441014  9.37050002 10.96889342  4.67169708  3.82774356  6.43143328
   4.29644689]]
H1 = 
[[ 225.48749279 -406.46531831]
 [-406.46531831  761.51007067]]
H2 = 
[[ 0.36751848 -0.5798209 ]
 [-0.5798209   0.95069324]]
tail_H1 = 14781.045497431276
tail_H2 = 20.528187562746226
centre_1 = 
[-0.52199161  4.12650078]
centre_2 = 
[1.03839998 5.16379331]
y = 
[ 1.  1.  1.  1.  1.  1.  1.  1.  1.  1.  1.  1. -0.  1.  1. -0.  1.  1.
  1.  1.  1.  1.  1.  1.  1. -0.]