Criteria: -lndet(H1)-lndet(H2)
seed = 313
Time[min] = 0.8503376523653666
mu1 = 
[1.65539624 5.50104366]
mu2 = 
[8.69587486 1.72400475]
sigma1 = 
[[4.55952113 4.28032738]
 [4.28032738 4.04099887]]
sigma2 = 
[[204.00125792 192.48422418]
 [192.48422418 181.61792097]]
X1 = 
[[ 5.10601074  3.16440061  0.49881592  6.46883334  3.57072864  4.52012858
   6.85655217  3.51111265 -0.17341156  1.9779685   3.53614201  6.67127252
   0.9258755   3.57179388  2.75259355  5.74146892  1.14067041  0.56379858
   1.10910616  0.7657103   2.76748359  1.28753411  2.16822727  2.33272168]
 [ 8.86296012  6.92844978  4.63197151  9.90917643  7.21855143  8.29026974
  10.49677697  7.57647199  3.84584737  5.83949533  6.96556788 10.20894229
   4.79330966  7.19641175  6.65553623  9.38590607  5.23424859  4.38319952
   4.93093943  4.90612278  6.53773731  5.36771514  5.85964071  6.12919648]]
X2 = 
[[ -7.54444802  27.69223781 -12.9074827    7.54780028  -9.50508067
   -1.35142667  -2.13286424  43.07221009  17.70272026  -0.3843669
  -11.81544516   6.02259805   4.79413472 -10.52001794   2.89304989
   10.48683901   0.71688284  22.64868796 -15.80152763   5.94555171
    3.06045367   1.35576552  13.70121643   0.38471416]
 [-13.59116659  19.68653742 -18.66982094   0.66442959 -15.42965112
   -7.7693668   -8.4824594   34.15461342  10.19888412  -6.83959051
  -17.62889845  -0.780058    -1.9204586  -16.38758871  -3.75834491
    3.37315882  -5.78379088  14.89980981 -21.41525192  -0.88663144
   -3.61566834  -5.18111562   6.41111451  -6.11881004]]
H1 = 
[[ 15.41650038 -16.33287358]
 [-16.33287358  17.30565998]]
H2 = 
[[ 15.35623613 -16.25784886]
 [-16.25784886  17.36724022]]
tail_H1 = 730.992496490849
tail_H2 = 277.4130579747293
centre_1 = 
[13.6277667   6.37058245]
centre_2 = 
[3.42605719 7.18354023]
y = 
[ 1.  1.  1.  1.  1.  1.  1.  1.  1.  1.  1.  1.  1.  1.  1.  1.  1.  1.
  1.  1.  1.  1.  1.  1. -0. -0. -0. -0. -0. -0. -0. -0. -0. -0. -0. -0.
 -0. -0. -0. -0. -0. -0. -0. -0. -0. -0. -0. -0.]