Criteria: -lndet(H1)-lndet(H2)
seed = 186
Time[min] = 61.17973996003469
mu1 = 
[5.42698659 6.75482237]
mu2 = 
[1.88845427 2.69926775]
sigma1 = 
[[7.65508505 5.83672158]
 [5.83672158 4.52885736]]
sigma2 = 
[[399.27351484 309.01739464]
 [309.01739464 239.17280835]]
X1 = 
[[ 4.9757635   8.19816469  7.97806644  3.20484445  5.03165231  5.15351402
   4.93098642  4.82759443  5.3495451   5.02379981 10.10315351  3.95731824
   6.07724524  9.7004064 ]
 [ 6.30369054  9.18816015  8.32083509  4.87122682  6.96705985  7.01907812
   6.36864361  6.01711898  6.85230086  6.12592861 10.52041754  6.04487229
   6.99239192 10.51865299]]
X2 = 
[[-1.56701293e+00 -5.50517639e+01  2.07487349e+01  7.39328522e+00
   1.12847600e+01 -8.71371358e-01  7.81339280e+00 -2.74393646e+00
   1.89516460e+00  1.39748710e+01 -9.18634177e+00 -2.04545677e+01
   1.81251021e+01 -1.67878579e+01]
 [ 5.50516634e-02 -4.14557354e+01  1.74606044e+01  6.98491257e+00
   1.01291163e+01  6.06591370e-01  7.29526131e+00 -8.70998159e-01
   2.64489897e+00  1.21165799e+01 -5.74418719e+00 -1.44661306e+01
   1.51457639e+01 -1.19576160e+01]]
H1 = 
[[ 0.82824148 -1.05582875]
 [-1.05582875  1.34755596]]
H2 = 
[[ 666.87336859 -844.96011729]
 [-844.96011729 1071.46579941]]
tail_H1 = 5.886391750798041
tail_H2 = 5144.4659289674455
centre_1 = 
[-10.63080119  -6.44697152]
centre_2 = 
[5.16949339 6.26430325]
y = 
[-0. -0. -0. -0. -0. -0. -0.  1. -0.  1. -0. -0.  1. -0. -0. -0. -0. -0.
 -0. -0. -0. -0. -0. -0. -0. -0. -0. -0.]