Criteria: -lndet(H1)-lndet(H2)
seed = 464
Time[min] = 5.047219181060791
mu1 = 
[7.08332351 3.47455737]
mu2 = 
[1.93736395 5.59673518]
sigma1 = 
[[0.44005613 0.2209086 ]
 [0.2209086  0.4626854 ]]
sigma2 = 
[[0.68165548 1.11932401]
 [1.11932401 2.18957839]]
X1 = 
[[7.14932184 7.56203884 7.21339642 7.87804842 6.51422215 6.46196886
  7.31631335 6.48947945 8.20640824 6.00461042 6.88428321 6.70342514
  6.46822169 6.8154719  7.02719878 6.05326821]
 [2.61121053 2.70192458 5.00650225 3.39391689 3.10303221 2.95103832
  3.50717508 2.84851216 3.36647087 4.43762227 3.92528174 3.16809377
  4.02044396 3.41341641 2.96324644 3.20048195]]
X2 = 
[[3.56492697 0.97413411 2.65287829 1.50918755 0.59372184 2.77634552
  1.40346112 2.41389206 2.63293297 1.85442296 2.08915208 2.70190962
  2.48850408 1.56197198 2.41616271 2.96348061]
 [7.23736871 3.50319588 6.94180825 5.17256148 3.83244621 6.53745854
  4.28353405 6.81864873 7.75776507 5.79039389 6.37668316 6.60400628
  5.72323667 4.68906244 6.54280956 6.82223903]]
H1 = 
[[0.1167856  0.05747108]
 [0.05747108 0.2689141 ]]
H2 = 
[[ 77.29711698  72.88259143]
 [ 72.88259143 151.81868031]]
tail_H1 = 11.410921671413732
tail_H2 = 7249.683635432325
centre_1 = 
[3.93779076 4.87585847]
centre_2 = 
[6.46400434 2.90439553]
y = 
[-0.0000000e+00 -0.0000000e+00 -0.0000000e+00 -0.0000000e+00
 -0.0000000e+00  1.0000000e+00 -0.0000000e+00  1.0000000e+00
 -0.0000000e+00 -0.0000000e+00 -0.0000000e+00 -0.0000000e+00
 -0.0000000e+00 -0.0000000e+00 -0.0000000e+00 -0.0000000e+00
 -0.0000000e+00 -0.0000000e+00 -0.0000000e+00 -0.0000000e+00
  7.4768276e-08 -0.0000000e+00 -0.0000000e+00 -0.0000000e+00
 -0.0000000e+00 -0.0000000e+00 -0.0000000e+00 -0.0000000e+00
 -0.0000000e+00 -0.0000000e+00 -0.0000000e+00 -0.0000000e+00]