Criteria: -lndet(H1)-lndet(H2)
seed = 438
Time[min] = 4.9053510149319965
mu1 = 
[1.65611082 9.83575367]
mu2 = 
[4.53697578 6.12169377]
sigma1 = 
[[1.10547506 1.50969489]
 [1.50969489 3.56186959]]
sigma2 = 
[[ 24.01386158  55.44229305]
 [ 55.44229305 129.14832833]]
X1 = 
[[ 0.89152605  0.58015829  2.29469294  1.54413835  1.79783257  2.00256055
  -0.2189972   1.13971355  0.83451815  0.81606395  3.95208542  1.52304448
   1.33771404  0.89877739]
 [ 8.80805142  7.02450446 10.77301295 10.07133993  8.67263942 11.26050249
   6.43686419 10.39673448  9.22526269  8.99158259 13.72358504  9.49795361
   8.43681571  8.75570205]]
X2 = 
[[  3.93400878  -4.07588243   6.37061602   5.08797047  12.65399678
    8.49036176  -0.78545597   2.09072008   1.83775506   1.71077073
    5.41742201   3.74850234   0.84108274  11.84241675]
 [  3.32916516 -15.40786705  10.88838513   6.37251618  25.01771881
   15.11952668  -6.56667515   0.61799374   1.45280143  -2.12841128
    6.26723434   4.53618905  -2.49450646  21.68821491]]
H1 = 
[[ 37.7141586  -13.54733929]
 [-13.54733929   7.33962434]]
H2 = 
[[ 0.15460215 -0.06022408]
 [-0.06022408  0.02703994]]
tail_H1 = 402.4096669349916
tail_H2 = 1.2228211107525042
centre_1 = 
[0.86064087 8.88077307]
centre_2 = 
[3.23914379 6.66859593]
y = 
[-0.  1.  1.  1.  1.  1.  1.  1.  1. -0.  1.  1.  1. -0.  1.  1.  1.  1.
  1.  1.  1.  1.  1.  1.  1.  1.  1.  1.]