Criteria: -lndet(H1)-lndet(H2)
seed = 391
Time[min] = 3.269346070289612
mu1 = 
[0.58556282 1.24827647]
mu2 = 
[0.59556165 1.41272344]
sigma1 = 
[[4.76366595 1.49376822]
 [1.49376822 0.60513544]]
sigma2 = 
[[45.00594832 16.1551338 ]
 [16.1551338   5.89323257]]
X1 = 
[[ 0.50813652  2.85262421 -0.60261091 -0.25068055 -0.81005106  0.01291643
  -6.62515454  1.60262601  1.38235879  4.43741477 -1.30422781  0.09758676
   0.15098683  1.14202331  2.49902759]
 [ 1.58699114  2.40769319  0.63200374  1.20714391  0.963381    0.36127389
  -0.5749885   1.39590776  1.78473179  2.62371984  1.0923336   1.20544138
   0.42336922  1.32892543  1.97665614]]
X2 = 
[[ -5.96307305   2.97173067  -1.05328848   6.93462873  -4.94334426
   -7.30215872  -2.45604998 -11.69738154  10.64486126   6.16556453
    7.73662918  -5.81093213   0.65797319   6.73961782   9.55142436]
 [ -0.90372028   2.55616412   0.56110023   4.08935513  -0.47240076
   -1.50423596   0.17112433  -3.77729393   4.98194986   3.74613336
    3.36099803  -0.86744549   1.06275015   3.70553238   4.47042611]]
H1 = 
[[  402.34344463 -1114.90105862]
 [-1114.90105862  3132.99358457]]
H2 = 
[[ 0.40411101 -1.07678919]
 [-1.07678919  2.95513702]]
tail_H1 = 4048.6200235782703
tail_H2 = 4.393786383273986
centre_1 = 
[-7.26311357 -1.49053596]
centre_2 = 
[-2.38391263  0.19242525]
y = 
[ 1.          1.          1.          1.          1.          0.99999975
  1.          1.          1.          1.          1.          1.
  1.          1.          1.          1.          1.          1.
  0.9999999   1.         -0.          1.          1.          1.
  1.          1.          1.          1.          1.          1.        ]