Criteria: -lndet(H1)-lndet(H2)
seed = 212
Time[min] = 3.31257088581721
mu1 = 
[2.32901634 9.11689574]
mu2 = 
[1.40201969 3.61589606]
sigma1 = 
[[0.00360556 0.04630215]
 [0.04630215 1.01587731]]
sigma2 = 
[[ 0.02145189  0.47054002]
 [ 0.47054002 10.32221108]]
X1 = 
[[ 2.28982596  2.33019804  2.33991443  2.29430201  2.22952697  2.43184202
   2.27408339  2.24652343  2.27105962  2.32359589  2.3581662   2.29652851
   2.37086895  2.37440766  2.2889455   2.31279021]
 [ 8.42334549  9.56996153  9.70796103  8.92618405  8.30295969 11.5958495
   8.82164997  8.25456065  8.42873544  9.17531168  8.71090781  8.31246663
   9.48395245 10.22698161  9.67873989  9.08052768]]
X2 = 
[[ 1.26046059  1.36843313  1.4327033   1.23615333  1.42337104  1.51816569
   1.20001713  1.26041874  1.32684295  1.32893661  1.66962222  1.45951414
   1.62629766  1.37484985  1.26250961  1.3781899 ]
 [ 0.51762498  2.85621251  4.25835752  0.03638862  4.10135449  6.18944667
  -0.84090351  0.53249867  1.9924939   1.95974456  9.45424396  4.8463727
   8.56552936  2.96742858  0.57705491  3.09926468]]
H1 = 
[[11.16718637 -0.88129008]
 [-0.88129008  0.11311937]]
H2 = 
[[7644.74404036 -778.70379516]
 [-778.70379516  102.9571041 ]]
tail_H1 = 20.966875982771036
tail_H2 = 8971.881139764337
centre_1 = 
[1.75268583 5.92785543]
centre_2 = 
[1.37452718 2.98573854]
y = 
[-0. -0. -0. -0. -0. -0. -0. -0. -0. -0. -0. -0. -0. -0. -0. -0. -0.  1.
 -0. -0. -0. -0. -0. -0. -0. -0. -0. -0. -0.  1. -0.  1.]