Criteria: -lndet(H1)-lndet(H2)
seed = 430
Time[min] = 5.089888600508372
mu1 = 
[1.55934857 6.89859928]
mu2 = 
[3.15526978 6.26301631]
sigma1 = 
[[8.34997825 1.7509554 ]
 [1.7509554  0.37248022]]
sigma2 = 
[[100.3805849   21.14240198]
 [ 21.14240198   4.45325993]]
X1 = 
[[ 0.99334787 -2.06511511  2.87472124  2.27997134  1.39802909  4.40947894
   2.01952242 -1.21927872 -0.429913    9.56598046  2.67068128  4.56060309
   5.18240032  4.39000553  8.35639587 -3.69747857  2.32139261  2.18320901]
 [ 6.86019627  6.20561722  7.22245969  7.06211134  6.83525169  7.5826128
   6.92072048  6.43513448  6.52103231  8.55647489  7.17210395  7.52765483
   7.59304017  7.41635628  8.39363051  5.74458816  7.20485558  7.08454291]]
X2 = 
[[ -7.6232426    0.56917675  11.22931216  -5.59149099 -20.20020918
    2.69004284   0.70157027   2.68265487  11.0984193  -10.46844009
    4.60371473 -16.3808314   -2.2475701  -11.00221309  -3.27668751
   11.97022332  -3.48732977   5.54362828]
 [  3.99490606   5.72296168   7.96380003   4.41328988   1.33928208
    6.15134382   5.73932574   6.17579309   7.9150102    3.4043565
    6.55430407   2.1307747    5.15911558   3.26391703   4.92143602
    8.11443681   4.88462562   6.77280016]]
H1 = 
[[ 0.18666164 -0.82555479]
 [-0.82555479  3.76213653]]
H2 = 
[[ 107.37746254 -435.48585164]
 [-435.48585164 1879.18246688]]
tail_H1 = 135.7841015001444
tail_H2 = 61024.444571942055
centre_1 = 
[-1.96962592  5.55283803]
centre_2 = 
[-3.50122379  4.8833724 ]
y = 
[-0.00000000e+00 -0.00000000e+00 -0.00000000e+00 -0.00000000e+00
 -0.00000000e+00 -0.00000000e+00 -0.00000000e+00  1.36907246e-08
 -0.00000000e+00 -0.00000000e+00 -0.00000000e+00 -0.00000000e+00
 -0.00000000e+00 -0.00000000e+00  1.08636309e-08 -0.00000000e+00
 -0.00000000e+00 -0.00000000e+00 -0.00000000e+00 -0.00000000e+00
 -0.00000000e+00 -0.00000000e+00 -0.00000000e+00 -0.00000000e+00
 -0.00000000e+00 -0.00000000e+00 -0.00000000e+00 -0.00000000e+00
 -0.00000000e+00 -0.00000000e+00 -0.00000000e+00 -0.00000000e+00
 -0.00000000e+00 -0.00000000e+00  1.00000000e+00 -0.00000000e+00]