Criteria: -lndet(H1)-lndet(H2)
seed = 139
Time[min] = 0.20818986495335898
mu1 = 
[4.90962388 7.53244841]
mu2 = 
[2.91680651 2.50262188]
sigma1 = 
[[10.0688398   1.73947115]
 [ 1.73947115  0.30051867]]
sigma2 = 
[[131.63913386  22.74189189]
 [ 22.74189189   3.92887458]]
X1 = 
[[ 9.0693953  10.2719884   4.97964026 13.90464379  0.89047297  7.54619814
   8.53215702  2.95617003  2.67714898  4.56108036]
 [ 8.25178128  8.46463171  7.54475753  9.08793385  6.83838582  7.98740304
   8.15925994  7.18898639  7.14809936  7.47451713]]
X2 = 
[[-16.18223055  11.37075338 -10.49807315   5.07649615  18.08796359
   -9.59075389   3.78292736  -0.43460581  22.77747129  11.14396582]
 [ -0.79693834   3.96313762   0.18507208   2.87571198   5.12365785
    0.3418161    2.65226439   1.92361833   5.93369762   3.92396606]]
H1 = 
[[  2.72447969 -15.74166846]
 [-15.74166846  91.08534032]]
H2 = 
[[  2.75250956 -15.69734755]
 [-15.69734755  90.68386688]]
tail_H1 = 366.6065110475633
tail_H2 = 4048.8806222176936
centre_1 = 
[3.30282714 2.57278946]
centre_2 = 
[7.39532133 7.95923146]
y = 
[ 1.          0.99999995  1.          1.          1.          1.
  1.          1.          1.          1.         -0.         -0.
 -0.         -0.         -0.         -0.         -0.         -0.
 -0.         -0.        ]