Criteria: -lndet(H1)-lndet(H2)
seed = 274
Time[min] = 3.0961993813514708
mu1 = 
[2.82495408 6.00750412]
mu2 = 
[9.56290661 1.25300995]
sigma1 = 
[[0.11438893 0.10900937]
 [0.10900937 0.28774413]]
sigma2 = 
[[0.13191526 0.32613753]
 [0.32613753 0.83984986]]
X1 = 
[[3.39838319 2.837693   2.89267113 3.14260744 2.8186018  3.2928024
  2.91132795 3.35091205 2.57212818 2.86165178 2.98344735 2.54951689
  2.59490398 3.3607314  2.9462015  2.6623325  2.8718583  2.75059368
  2.84553877 3.34454699 2.7630882 ]
 [6.81218651 5.85635228 5.92505431 6.16504704 6.24802064 6.60338764
  6.00090056 6.10504294 6.26229253 6.1148244  6.1259422  5.68932177
  5.95143915 6.38702017 6.14953149 5.89181265 6.12620028 6.14453717
  5.16201869 6.55763069 5.59658013]]
X2 = 
[[ 9.25372395 10.0522713   9.9453947   9.08032183  9.86441209  9.9431698
   9.67818922 10.37339377  9.56094762  9.63032992  9.82948682  9.85269059
   9.35234792  9.44272945  8.67683057  9.13177383  9.14075814 10.00187188
   9.62305429  9.38397311  9.47665951]
 [ 0.37441005  2.52665591  2.07950158  0.044087    2.09084752  2.26465627
   1.39026798  2.81635201  1.07696125  1.30710126  2.35076784  2.03479287
   0.62603088  0.8290071  -0.94925461  0.32214072  0.2033739   2.03215959
   1.47510036  0.87601943  1.06247708]]
H1 = 
[[197.54622204 214.6102032 ]
 [214.6102032  293.59069524]]
H2 = 
[[0.18875878 0.15601671]
 [0.15601671 0.24425022]]
tail_H1 = 22374.309602599325
tail_H2 = 18.693216808710268
centre_1 = 
[9.46457113 1.0684255 ]
centre_2 = 
[7.20749852 2.70973271]
y = 
[ 0.99999998  1.          1.          1.          1.          1.
  1.          1.          1.          1.          1.          0.99999999
  1.          1.          1.          1.          1.          1.
  1.          1.          1.          1.          1.          1.
  1.          1.          1.          1.          1.          1.
  1.          1.          1.          1.          1.          1.
  1.          1.          1.          1.          1.         -0.        ]