Criteria: -lndet(H1)-lndet(H2)
seed = 490
Time[min] = 7.216928315162659
mu1 = 
[6.0561827 1.4777576]
mu2 = 
[8.87072165 3.13746528]
sigma1 = 
[[2.62428237 4.94200281]
 [4.94200281 9.58090107]]
sigma2 = 
[[251.12077534 486.45761045]
 [486.45761045 942.36004431]]
X1 = 
[[ 7.9882837   6.55364144  3.9910178   5.54119494  7.41620311  3.40372641
   6.28304062  4.17839308  9.75676759  3.37459412  5.12032312  5.99796073
   7.29232629  2.72817395  6.19483395  6.59389127  6.57796506  5.90311593]
 [ 5.15550341  3.01535806 -1.77559099  1.29130013  3.60360099 -3.80591952
   1.90353383 -2.26649253  8.10747345 -3.14138733 -0.37922112  1.54177625
   3.90994464 -4.52229586  2.34603431  2.1411871   3.29944254  1.60886442]]
X2 = 
[[ 14.81352096  25.72055513   1.69172423   9.53294485  23.36173319
  -18.45881616   7.10736829   1.30250483  17.67406147   0.7198118
   16.76715321   3.46126189   0.87911591  14.43240216   1.29690312
   25.63263105  23.1793401   -1.72096782]
 [ 14.72016278  35.89694495 -10.81937595   4.2201737   31.24656924
  -49.69113894   0.09730338 -11.59709496  20.26166106 -12.45024662
   18.36001611  -7.15983647 -12.46248861  13.83281082 -11.38063509
   35.5440704   30.77529973 -17.25177145]]
H1 = 
[[ 385.53076465 -192.53789736]
 [-192.53789736   96.94731596]]
H2 = 
[[ 0.81367546 -0.41730004]
 [-0.41730004  0.21482558]]
tail_H1 = 19530.842242219336
tail_H2 = 34.73945794672723
centre_1 = 
[  1.28214118 -11.64448675]
centre_2 = 
[ 4.58390353 -3.61592598]
y = 
[ 1.  1.  1.  1.  1.  1.  1.  1.  1.  1.  1.  1.  1.  1.  1.  1.  1.  1.
  1.  1. -0.  1.  1.  1.  1. -0.  1.  1.  1.  1. -0.  1.  1.  1.  1.  1.]