Criteria: -lndet(H1)-lndet(H2)
seed = 485
Time[min] = 1.1857856154441833
mu1 = 
[8.52253073 1.72119181]
mu2 = 
[0.19553512 5.41622821]
sigma1 = 
[[0.58437771 1.57480716]
 [1.57480716 6.04527297]]
sigma2 = 
[[ 25.14167337  96.12167405]
 [ 96.12167405 367.93327037]]
X1 = 
[[ 8.56850313  8.40489589  7.33630349  8.74953076  8.59430589  7.68758873
   8.65498083  8.72648975  8.30242005  7.34335813  8.31058824  7.93484036
   9.33563741  8.55853149  8.23461026  6.82254142  9.22300463  8.75406105
   7.4541369   8.80787218]
 [ 3.37959052  2.67464451 -1.35660422  3.08156389  0.82177429 -2.57838249
   2.10669523  3.75693901  2.34965788 -2.22869808  1.18376485  0.61575663
   3.70101053  2.81095223  0.44206356 -4.33761648  4.1858191   2.3418133
  -0.21885475  2.17224229]]
X2 = 
[[  0.05118719  -5.27481079   2.95216229  -5.08218224  -6.16192407
   -2.9978607   -0.86328666   0.98910125  -6.02814688   9.79304435
   -1.69190377  -1.4385505   -6.10587661   2.02649615  -2.36122562
    7.58651553   2.59562893  -4.42893055   1.47703548  -1.5233807 ]
 [  4.27152331 -15.90235855  16.18261577 -14.30314371 -19.7446295
   -7.63180907   0.52983714   8.19086015 -18.92377676  41.89928442
   -0.65424329  -0.94601375 -18.6533462   12.96727289  -4.81906297
   33.48060036  15.3160049  -12.12377739  10.58412928  -1.53791528]]
H1 = 
[[ 8.25660487 -2.25415213]
 [-2.25415213  0.71095324]]
H2 = 
[[21.26111112 -5.54222729]
 [-5.54222729  1.44622293]]
tail_H1 = 529.9046315378595
tail_H2 = 32.81583690420639
centre_1 = 
[8.06847844 0.23761485]
centre_2 = 
[0.64631502 7.16646932]
y = 
[-0. -0. -0. -0. -0. -0. -0. -0. -0. -0. -0. -0. -0. -0. -0. -0. -0. -0.
 -0. -0.  1.  1.  1.  1.  1.  1.  1.  1.  1.  1.  1.  1.  1.  1.  1.  1.
  1.  1.  1.  1.]