Criteria: -lndet(H1)-lndet(H2)
seed = 300
Time[min] = 11.365420333544414
mu1 = 
[4.51122569 2.21022342]
mu2 = 
[8.11094366 4.00790541]
sigma1 = 
[[0.98172607 2.36297836]
 [2.36297836 6.1740848 ]]
sigma2 = 
[[ 56.8004535  148.21208538]
 [148.21208538 386.77689794]]
X1 = 
[[ 4.00254449  4.17983046  5.10769419  4.18669364  5.99397853  3.17127712
   5.70709249  1.00449599  6.0288183   5.07274924  4.51659802  2.93046089
   5.53628034  4.6842355   3.96521619  5.44840162  3.38697157  2.99488224
   3.39464377  3.52784522  2.79423015  2.2795491   4.89802093]
 [ 1.66647086  2.71020011  3.99306624  0.71213643  4.66185976 -2.0665664
   5.0841809  -5.69465338  5.40140737  4.44637535  2.34474446 -1.91226259
   4.86832504  3.47542565  0.36964601  4.03138493 -0.86506228 -1.06837418
  -0.14479414 -1.17814478 -1.63921743 -3.63947464  1.47309675]]
X2 = 
[[ 1.13673496e+01  7.63986502e+00  1.49018522e+01  9.85644202e+00
   1.15484454e+01  4.51758749e+00  1.11186203e+01  1.65513582e+01
  -1.52300375e+00  1.02970387e+01  7.17504110e+00  1.01343637e+01
  -5.98154877e+00  9.19363128e-01  8.96331233e+00  1.74797790e+01
   1.80097797e+01  2.03720952e-02  1.64853186e+01  1.56965622e+00
   6.00893936e+00  8.42753589e+00  8.88054557e+00]
 [ 1.26271536e+01  2.55809775e+00  2.19625472e+01  9.17803346e+00
   1.33010332e+01 -5.24780579e+00  1.18142480e+01  2.61434403e+01
  -2.10382074e+01  9.64850436e+00  1.79180225e+00  9.76071987e+00
  -3.30799761e+01 -1.49152733e+01  6.07773124e+00  2.80854245e+01
   2.97351191e+01 -1.72997956e+01  2.58507945e+01 -1.31486760e+01
  -1.30200491e+00  4.67738129e+00  5.98009547e+00]]
H1 = 
[[167.61695552 -66.01397989]
 [-66.01397989  27.32647417]]
H2 = 
[[ 0.36690206 -0.13904629]
 [-0.13904629  0.05420753]]
tail_H1 = 7251.99417598564
tail_H2 = 12.004656716476523
centre_1 = 
[8.66704512 5.35172772]
centre_2 = 
[ 5.16152592 -0.83073618]
y = 
[ 1.  1.  1.  1.  1.  1.  1.  1.  1.  1.  1.  1.  1.  1.  1.  1.  1.  1.
  1.  1.  1.  1.  1.  1.  1.  1.  1.  1.  1.  1.  1.  1.  1.  1.  1.  1.
  1. -0.  1.  1.  1.  1.  1.  1. -0. -0.]