Criteria: -lndet(H1)-lndet(H2)
seed = 300
Time[min] = 4.0184778014818825
mu1 = 
[4.51122569 2.21022342]
mu2 = 
[8.11094366 4.00790541]
sigma1 = 
[[0.98172607 2.36297836]
 [2.36297836 6.1740848 ]]
sigma2 = 
[[ 56.8004535  148.21208538]
 [148.21208538 386.77689794]]
X1 = 
[[ 4.00254449  4.17983046  5.10769419  4.18669364  5.99397853  3.17127712
   5.70709249  1.00449599  6.0288183   5.07274924  4.51659802  2.93046089]
 [ 1.66647086  2.71020011  3.99306624  0.71213643  4.66185976 -2.0665664
   5.0841809  -5.69465338  5.40140737  4.44637535  2.34474446 -1.91226259]]
X2 = 
[[ 16.17429408  11.55150887   2.73425723  13.93186793  -1.1400878
   -2.15273262   0.70397108  -1.75965015  -3.85979425  -9.60361327
    6.72180188  11.36734958]
 [ 25.0524031   13.21427581 -10.14267162  19.03069873 -20.18075119
  -22.59766295 -15.17337484 -21.98621189 -27.06695155 -42.24263764
   -0.10105051  12.62715365]]
H1 = 
[[ 0.3942226  -0.14690174]
 [-0.14690174  0.05602166]]
H2 = 
[[140.55697827 -53.01418673]
 [-53.01418673  20.83919319]]
tail_H1 = 12.437144492091809
tail_H2 = 6207.631357932076
centre_1 = 
[ 3.50213372 -5.03570101]
centre_2 = 
[ -1.66631702 -21.47442279]
y = 
[-0. -0. -0. -0. -0. -0. -0. -0. -0. -0. -0. -0. -0. -0. -0. -0.  1.  1.
 -0.  1. -0. -0. -0. -0.]