Criteria: -lndet(H1)-lndet(H2)
seed = 503
Time[min] = 0.6955802202224731
mu1 = 
[0.20818958 4.63678397]
mu2 = 
[2.74975999 0.26086212]
sigma1 = 
[[6.58785303 6.08008985]
 [6.08008985 5.62238061]]
sigma2 = 
[[413.07473287 381.90053065]
 [381.90053065 353.07912936]]
X1 = 
[[-0.97441122  1.19540615  6.06085336 -1.23323258 -1.96010268 -3.38987185
  -0.86589295 -5.87883475 -2.61645986  1.20500876  0.27203638  3.03123959
  -2.47481756 -2.63894622 -1.44590707 -1.05583879  2.33539738  4.20572476
   2.21776963]
 [ 3.49072771  5.61145249 10.10135997  3.30543373  2.57893122  1.1811349
   3.58297124 -0.84823606  2.01619947  5.47961975  4.78730743  7.3878194
   2.2488715   1.99613745  2.99807776  3.45567961  6.53898826  8.43313779
   6.40443836]]
X2 = 
[[  8.76457626 -29.97518773 -13.61244113  16.6879372   13.65603003
   12.41955118 -13.99488959   6.04517808  18.87550743  11.381549
  -13.24955679  24.82623339   5.8309967  -18.98988575   8.41236364
   35.34710544 -32.47037675  13.02561367   7.55659848]
 [  5.82481262 -29.99376842 -14.87018813  13.15728496  10.36730791
    9.20163969 -15.23003041   3.30501258  15.17221556   8.24303098
  -14.53013592  20.67173079   3.10484163 -19.8440783    5.49647938
   30.40658574 -32.32828386   9.78354817   4.69747124]]
H1 = 
[[ 36.22301353 -39.15768422]
 [-39.15768422  42.33163691]]
H2 = 
[[ 36.36462018 -39.27641093]
 [-39.27641093  42.47013115]]
tail_H1 = 222.7600676020187
tail_H2 = 857.9440100878985
centre_1 = 
[ 1.43288225 -0.96076981]
centre_2 = 
[-0.31164893  4.20292721]
y = 
[ 1.  1.  1.  1.  1.  1.  1.  1.  1.  1.  1.  1.  1.  1.  1.  1.  1.  1.
  1. -0. -0. -0. -0. -0. -0. -0. -0. -0. -0. -0. -0. -0. -0. -0. -0. -0.
 -0. -0.]