Criteria: -lndet(H1)-lndet(H2)
seed = 261
Time[min] = 12.724302581946056
mu1 = 
[8.00935924 4.85810694]
mu2 = 
[9.44156192 1.42929436]
sigma1 = 
[[4.3912769  4.38524952]
 [4.38524952 5.05991554]]
sigma2 = 
[[211.58744633 241.14676668]
 [241.14676668 275.25786569]]
X1 = 
[[ 8.69177304  9.62787538  6.54175509 10.06073143  5.16160078 10.84263625
  10.4095475   6.2479873   5.97003658  9.37589042  3.97745816  4.84436497
   8.87246727  7.05048954  6.39175687  4.25427685 12.46742323  8.66949712
  12.88973078  5.96956355]
 [ 4.28224791  7.60568848  4.12730401  6.76022595  3.37479667  9.15164557
   6.67530078  1.82978428  2.49237222  7.21820367 -0.36988266  2.89829037
   5.1997517   2.31220636  2.36068492  1.0702265   9.07115187  5.32279024
   9.19744717  3.29772673]]
X2 = 
[[ 9.83361710e+00 -6.85442411e+00  2.35555178e+01  1.95780212e+01
   8.09241889e+00 -1.33865688e+01  1.94183764e+01  1.46925719e+01
  -1.97039100e+01  7.02251856e+00  1.41629264e+00  2.12204606e+01
   9.73906588e+00 -5.34528931e+00  1.03391104e+01  2.66778809e+01
  -2.59658544e-01  2.56253022e+00 -2.94575600e+00  1.30132703e+01]
 [ 1.53273730e+00 -1.73512114e+01  1.73514897e+01  1.18799652e+01
  -1.04469782e-02 -2.46690871e+01  1.24622825e+01  7.79713349e+00
  -3.21744206e+01 -1.81583874e+00 -7.29934774e+00  1.42867566e+01
   1.05213965e+00 -1.61543087e+01  2.04505037e+00  2.19691279e+01
  -8.87221033e+00 -4.87522002e+00 -1.25314887e+01  4.83913774e+00]]
H1 = 
[[ 56.21135623 -43.79258148]
 [-43.79258148  35.8002882 ]]
H2 = 
[[ 0.1258846  -0.10539008]
 [-0.10539008  0.09049594]]
tail_H1 = 1244.12311946575
tail_H2 = 5.890919765500956
centre_1 = 
[6.31425714 2.08853395]
centre_2 = 
[ 3.34109525 -3.43407007]
y = 
[ 1.          1.          1.          1.          1.          1.
  1.         -0.          1.          1.          1.          1.
  1.          1.         -0.          1.          1.          1.
  1.          1.          1.          1.          0.99999996  1.
  1.          1.          1.          1.          1.          1.
  1.          1.          1.          1.          1.          1.
  1.          1.          1.          1.        ]