Criteria: -lndet(H1)-lndet(H2)
seed = 264
Time[min] = 1.9676204323768616
mu1 = 
[7.76465934 3.04218564]
mu2 = 
[5.56507839 4.92228641]
sigma1 = 
[[0.34675605 0.39886992]
 [0.39886992 0.48652742]]
sigma2 = 
[[1.71121186 2.07892206]
 [2.07892206 2.52618649]]
X1 = 
[[7.88139306 7.85008719 7.64532044 7.65724305 7.98792094 6.74840971
  6.93104629 7.58334784 6.79616462 8.84286322 8.39195945]
 [3.43822464 3.26932823 3.09802116 2.91268765 3.2446605  1.85870496
  2.14287961 2.58532208 1.89237122 4.46822304 3.46246304]]
X2 = 
[[6.48461016 7.4915354  4.85350614 8.17487225 5.56172854 6.12434855
  7.49981964 4.94853712 5.85411996 5.57898246 4.13614321]
 [6.07301459 7.25298257 4.11848818 8.05580855 4.90411212 5.58201954
  7.30578083 4.16217832 5.32159198 4.92462144 3.18225432]]
H1 = 
[[127.10201349 -78.59444805]
 [-78.59444805 173.02499194]]
H2 = 
[[ 0.38118939 -0.15909559]
 [-0.15909559  0.24795578]]
tail_H1 = 2832.0051676840285
tail_H2 = 13.97295039921673
centre_1 = 
[4.90102453 4.14005653]
centre_2 = 
[6.80879699 4.73683811]
y = 
[ 1.          1.          1.          1.          1.          1.
  1.          1.          0.99999983  1.          1.          1.
  1.         -0.          1.          1.          1.          1.
 -0.          1.          1.          1.        ]