Criteria: -lndet(H1)-lndet(H2)
seed = 482
Time[min] = 3.5773653348286945
mu1 = 
[8.66083418 9.56467569]
mu2 = 
[1.19110472 5.1899566 ]
sigma1 = 
[[6.09198202 1.77365137]
 [1.77365137 1.04773723]]
sigma2 = 
[[68.57063658 29.38825785]
 [29.38825785 14.12337211]]
X1 = 
[[ 3.90428513 15.80408706  4.29774979  6.90431411  7.36983138 12.39195626
  12.06572199  4.97825397  4.93883805  3.46996059  6.97708132 11.10659532
   7.92352056  6.1478598   7.89899097  6.4104357  13.11766734  2.2928675
   8.39730072 10.4021126   6.72781703  6.30844928]
 [ 8.99185592 12.18122514  7.24018629  8.9869781   8.31178976 11.31283178
  10.82897967  7.81657829  7.82043019  7.42131733 10.10881999 10.30622578
   9.75892805  8.73055985  9.93454078  9.51927716 11.20937795  7.97394542
   9.66995357  8.99464872  9.29169751  8.96977304]]
X2 = 
[[ -5.05723676   4.24142347  -6.62205523 -10.74790514   2.67685715
   -8.98611472   0.3607536    2.04668014  -2.88471949  -1.18358984
    3.0425612   -8.19588874  18.00802964  -3.39970451  -2.2786318
   -3.66295094   2.82762926   8.00309135   1.29021524   0.569174
   -5.55153502  -0.35491663]
 [  3.76656565   6.81441979   3.88220985   0.73974317   6.0389248
    0.59940456   4.3658751    6.35100096   5.8653519    4.20824541
    3.7136055    3.14500781  12.53709282   3.1460298    0.70388109
    4.18545111   5.44097103   8.15133438   4.52643648   5.29605735
    1.73143243   5.58324423]]
H1 = 
[[ 48.10851537 -77.66801423]
 [-77.66801423 147.86132576]]
H2 = 
[[ 0.04889588 -0.09756284]
 [-0.09756284  0.23328313]]
tail_H1 = 4196.000076915628
tail_H2 = 5.655587667638341
centre_1 = 
[4.92615572 7.79891959]
centre_2 = 
[2.582999   5.52159183]
y = 
[ 1.  1.  1.  1.  1.  1.  1. -0. -0.  1.  1.  1.  1.  1.  1.  1.  1.  1.
  1.  1.  1.  1.  1.  1.  1.  1.  1.  1.  1.  1.  1.  1.  1.  1.  1.  1.
  1.  1.  1.  1.  1.  1.  1.  1.]