Criteria: -lndet(H1)-lndet(H2)
seed = 378
Time[min] = 18.659152352809905
mu1 = 
[5.94324168 0.51057114]
mu2 = 
[0.19748506 0.96338723]
sigma1 = 
[[6.66791817 0.34527433]
 [0.34527433 0.17752322]]
sigma2 = 
[[45.65327634  2.91520309]
 [ 2.91520309  0.43435932]]
X1 = 
[[ 4.2924416   7.51721572  6.34072526  8.63743734  7.99720593  4.10901553
   6.10623267  2.35974749  0.91376812  8.33984246  6.01971931 10.07178131
   4.46142293  6.8344738   4.27475305 -0.50887018  3.48017236  5.11666131]
 [ 0.88184979  0.98700627  1.51163701  0.55237915  0.26668322  1.0362151
   0.1130894   0.75558005  0.42298837  0.5770126   0.14393273  0.96358077
   1.03193948  1.50182764  0.82331917 -0.30633879  0.90417814  0.51709099]]
X2 = 
[[ -1.99712734   6.73693075  -0.76993239  -1.50412598  -2.86569163
   -2.94063606  -0.88470634   3.75715383   0.73283086   5.4371926
    5.92596425  11.94262429   7.20399743   4.66206551  -5.99026299
  -15.82933222   2.24194857   0.65514731]
 [  0.94496336   0.76693564   0.66673993  -0.13338379   1.07488697
    1.20345624   1.06631318   1.32761565   0.675134     1.76809489
    1.69733689   2.15962925   1.48034239   0.80746176   0.58259101
    0.05519963   1.62051073   1.26824674]]
H1 = 
[[ 0.01305526 -0.10842971]
 [-0.10842971  1.94234468]]
H2 = 
[[  4.5656297  -12.64365456]
 [-12.64365456 845.92185314]]
tail_H1 = 2.0503955732800128
tail_H2 = 599.835148614838
centre_1 = 
[0.72312692 0.77445206]
centre_2 = 
[4.46205944 0.84406507]
y = 
[ 1. -0. -0. -0. -0. -0. -0. -0. -0. -0. -0. -0. -0. -0.  1. -0. -0. -0.
 -0. -0. -0. -0. -0. -0. -0. -0. -0. -0. -0. -0. -0.  1. -0. -0. -0. -0.]