Criteria: -lndet(H1)-lndet(H2)
seed = 429
Time[min] = 13.275701002279918
mu1 = 
[3.63125873 3.3465538 ]
mu2 = 
[7.69385218 5.22466924]
sigma1 = 
[[6.19933766 2.54359823]
 [2.54359823 1.09456035]]
sigma2 = 
[[103.13070714  43.60984192]
 [ 43.60984192  18.45051547]]
X1 = 
[[ 2.9893552  -0.86081092  8.04853013  0.12420937  5.90375305  1.26136457
   2.12215185  6.34794828  2.86062048  2.55206467  1.80990634  4.81544422
   1.35669918  5.66865704  4.49538434  3.09206376  6.154611    7.21438275
   2.02534926  0.79263641]
 [ 2.92427908  1.78228288  4.68503284  1.94575166  4.51375416  2.43406408
   2.48137043  4.50307759  3.0009342   3.13375798  2.32585351  3.58878138
   2.25652699  4.0565103   3.55931459  2.97348676  4.34017713  5.19468804
   2.32198285  2.27150098]]
X2 = 
[[ 13.11422387  -1.57907636  -3.79926641  -1.7111923   10.97226609
   -7.12998501   7.669212    -3.44042311   0.79391454  14.92644733
   -5.76556587   7.81388668  14.83973155  21.05568931 -10.2566628
    8.27024721  17.13203078  27.35530369  13.96267876   7.51579658]
 [  7.66650099   1.38904925   0.21753833   1.19869391   6.4659853
   -1.05191448   5.22003596   0.58126059   2.17194665   8.10486499
   -0.60178672   5.31246255   8.32684836  10.86804342  -2.34313174
    5.46156113   9.08015757  13.57429095   7.7901783    5.14227699]]
H1 = 
[[ 1365.27842488 -3157.78391647]
 [-3157.78391647  7320.60623324]]
H2 = 
[[ 1.5679111  -3.69189827]
 [-3.69189827  8.71674108]]
tail_H1 = 19655.01551700569
tail_H2 = 28.14883721352552
centre_1 = 
[3.0444535  2.95046417]
centre_2 = 
[8.38189189 5.30518132]
y = 
[-0.          0.99999994  1.          1.          1.          1.
  1.          1.          1.          1.          1.          1.
  1.          1.          1.         -0.          1.          1.
  1.          1.          1.          1.          1.          1.
  1.          1.          1.          1.          1.          1.
  1.          1.          1.          1.          1.          1.
  1.          1.          1.          1.        ]