Criteria: -lndet(H1)-lndet(H2)
seed = 299
Time[min] = 1.9396609822909037
mu1 = 
[2.99554995 4.21482576]
mu2 = 
[5.93622599 4.41587268]
sigma1 = 
[[9.53576779 6.99784066]
 [6.99784066 5.49647893]]
sigma2 = 
[[580.62860686 451.36462139]
 [451.36462139 351.0825805 ]]
X1 = 
[[ 4.32228821  6.10806548  0.56097638  2.67760725 -2.41267564  5.75798458
   5.65321924  7.28355408  2.02289424  2.84562037]
 [ 4.88709435  5.72524188  2.67181949  2.86955025  0.02305914  6.76148134
   5.81736703  7.25787326  3.84522534  2.81261121]]
X2 = 
[[ 36.53157349   8.35067302  12.7313827  -37.09406701  -1.13974321
   38.09552406 -17.85045873  24.34003408 -10.33915769  11.33402592]
 [ 27.74228642   6.24146176   8.80186547 -28.98084281  -1.42929298
   29.31602222 -13.98635906  18.6661097   -8.01805699   8.52362668]]
H1 = 
[[ 162.53314347 -204.15594025]
 [-204.15594025  258.49462978]]
H2 = 
[[ 0.36701771 -0.47249664]
 [-0.47249664  0.61011327]]
tail_H1 = 75.83197466232197
tail_H2 = 1.1556857658378499
centre_1 = 
[-1.075993   -1.37516017]
centre_2 = 
[1.73100342 1.8403464 ]
y = 
[ 1.          1.          1.          1.          1.          1.
  1.          1.          1.          1.          1.          1.
  1.          1.         -0.          0.99999999  1.          1.
  1.          1.        ]