Criteria: -lndet(H1)-lndet(H2)
seed = 196
Time[min] = 4.4004425525665285
mu1 = 
[6.89509275 5.77975391]
mu2 = 
[7.51024219 5.19320563]
sigma1 = 
[[0.3232229  0.75817094]
 [0.75817094 1.93218255]]
sigma2 = 
[[ 5.85270476 14.89430475]
 [14.89430475 37.90811712]]
X1 = 
[[6.61740521 7.52059427 5.9741894  5.87313746 7.04941083 7.1031285
  6.42578384 6.17187265 6.61964175 6.93878789 7.11107656 7.4495186
  6.57796754 7.01966797 6.81078615]
 [5.47598054 7.61110504 2.89061817 2.8596619  5.55193372 6.49308915
  4.04666577 3.73025779 5.00280305 6.2069168  6.11398033 6.91393001
  5.17146075 5.53364148 5.81631244]]
X2 = 
[[10.53120009  5.14069649  6.51129699  6.16623257  8.40626827  9.85381347
   5.21682031  3.24699332  7.88829127  5.874122   10.71335     7.91175394
   9.95345328  4.78273672  7.66945285]
 [12.91087294 -0.8146837   2.63230523  1.77596276  7.40016557 11.09081319
  -0.64288105 -5.65250405  6.02503816  1.04684365 13.35505149  6.21932573
  11.38542695 -1.76785178  5.56293854]]
H1 = 
[[1890.43163355 -789.15721517]
 [-789.15721517  343.82261461]]
H2 = 
[[ 4.53485343 -1.75438581]
 [-1.75438581  0.69516121]]
tail_H1 = 54795.41455041081
tail_H2 = 122.05159895364068
centre_1 = 
[7.77937713 5.79578051]
centre_2 = 
[6.85920436 4.39271412]
y = 
[ 1.          0.99999993  1.          1.          1.          1.
  1.          1.          1.          1.          1.          1.
  1.          1.          1.          1.          1.          1.
  1.          1.          1.          1.          1.         -0.
  1.          1.          1.          1.          1.         -0.        ]