Criteria: -lndet(H1)-lndet(H2)
seed = 456
Time[min] = 0.7258885343869527
mu1 = 
[2.48755909 1.63066783]
mu2 = 
[8.85701903 7.59117468]
sigma1 = 
[[7.15119746 5.37466952]
 [5.37466952 4.04094375]]
sigma2 = 
[[340.01034934 255.6226949 ]
 [255.6226949  192.17933624]]
X1 = 
[[ 5.456376    3.32117546 -2.65211732 -0.03779073  2.77320461  5.09248953
  -0.56309614  3.47436326  2.1786933   5.99443584  0.2014099  -1.03974953
   0.693531    1.56061566  2.17231437 -0.71123553  2.52433175  1.42475342
   2.43602316  5.24361953]
 [ 3.87137344  2.33184609 -2.19740717 -0.22318787  1.84197721  3.57400186
  -0.65720399  2.36087863  1.44227723  4.25617795 -0.14298577 -1.05266704
   0.28545288  0.88741421  1.37994499 -0.79453373  1.64714039  0.87786009
   1.60900968  3.70490352]]
X2 = 
[[ 31.23306529 -14.13217283  20.60097544  34.62016152  17.92670026
   13.80192468  27.62222477  -3.51653871  11.35465606   7.37464503
  -12.39824773  -7.30447546   4.26026803  13.42153783   3.19039082
    7.53478821  23.11803833 -12.0498296   -1.30734656  23.00287069]
 [ 24.41206105  -9.69243985  16.4204067   26.96323861  14.41029717
   11.30867715  21.69842921  -1.7125147    9.47218993   6.47512202
   -8.38717737  -4.55864953   4.13779595  11.02464091   3.3324086
    6.59666487  18.31117761  -8.12819776  -0.05099841  18.22812071]]
H1 = 
[[ 238.29473481 -316.85719002]
 [-316.85719002  421.48811038]]
H2 = 
[[  752.05344651 -1000.212866  ]
 [-1000.212866    1330.2633472 ]]
tail_H1 = 23.332189117682677
tail_H2 = 1157.5482594989064
centre_1 = 
[1.62396447 0.9919358 ]
centre_2 = 
[10.2364846   8.62883474]
y = 
[-0. -0. -0. -0. -0. -0. -0. -0. -0. -0. -0. -0. -0. -0. -0. -0. -0. -0.
 -0. -0.  1.  1.  1.  1.  1.  1.  1.  1.  1.  1.  1.  1.  1.  1.  1.  1.
  1.  1.  1.  1.]