Criteria: -lndet(H1)-lndet(H2)
seed = 287
Time[min] = 2.725870366891225
mu1 = 
[1.44485231 7.1075312 ]
mu2 = 
[9.5515133  0.33357888]
sigma1 = 
[[6.71557363 0.33369245]
 [0.33369245 0.05230729]]
sigma2 = 
[[46.2124357   2.41548171]
 [ 2.41548171  0.13871117]]
X1 = 
[[ 0.57389217  7.37881984 -0.40801522 -0.07049001 -0.30573622  0.74351665
  -3.15181445  1.20887689  1.39714608  1.52807255  4.72891372 -2.34306271
  -0.30722691  3.31570165 -0.48663915  3.31660266  2.31065716  0.53342113
  -3.30978579  0.8858399   4.34373448 -1.60341537]
 [ 6.91879196  7.16710695  7.12955537  6.89102402  6.62126377  7.21400105
   7.17970705  6.8402255   7.22152976  6.75145308  7.13455978  6.56358252
   6.63730752  7.25213489  7.48300429  7.20192187  7.01592941  7.07403041
   6.97984311  7.42533252  7.4065922   7.24245953]]
X2 = 
[[ 9.60959809e+00  2.14773340e+01  4.31468394e+00  5.30881652e+00
  -6.95294393e+00 -6.20723375e+00  1.44152756e+01 -4.52623509e+00
   2.14686571e+01  3.51683727e+00  6.87502478e+00  1.29871103e+01
   2.24724135e+00  9.34516223e+00  1.15271529e+01  1.65591103e+01
   4.98910231e+00  1.09577557e+01  1.69510060e+01  1.54449480e+01
   9.84246165e+00  1.53946245e+01]
 [ 5.70541056e-01  9.54039789e-01  5.95767444e-02  4.42715978e-02
  -4.17854714e-01 -3.26356265e-01  6.78258461e-01 -3.17760929e-01
   1.00250339e+00 -3.54599648e-02  2.74211513e-01  5.37241695e-01
  -1.54881823e-02  4.00965169e-01  4.76827758e-01  6.40254223e-01
   1.58589347e-01  3.66799884e-01  4.25917890e-01  7.27617624e-01
   4.20972527e-01  6.54944682e-01]]
H1 = 
[[0.00689166 0.0034354 ]
 [0.0034354  0.08587741]]
H2 = 
[[ 8.70649     6.07546424]
 [ 6.07546424 41.32958171]]
tail_H1 = 1.8504584055527973
tail_H2 = 442.9643913853794
centre_1 = 
[4.67934678 2.6730731 ]
centre_2 = 
[6.88392458 0.28677156]
y = 
[-0.00000000e+00  2.75284953e-09 -0.00000000e+00 -0.00000000e+00
 -0.00000000e+00 -0.00000000e+00  1.43616551e-09 -0.00000000e+00
 -0.00000000e+00 -0.00000000e+00 -0.00000000e+00 -0.00000000e+00
 -0.00000000e+00 -0.00000000e+00 -0.00000000e+00 -0.00000000e+00
 -0.00000000e+00 -0.00000000e+00 -0.00000000e+00 -0.00000000e+00
 -0.00000000e+00 -0.00000000e+00 -0.00000000e+00 -0.00000000e+00
 -0.00000000e+00 -0.00000000e+00 -0.00000000e+00 -0.00000000e+00
 -0.00000000e+00 -0.00000000e+00  1.67682419e-09 -0.00000000e+00
  1.00000000e+00 -0.00000000e+00 -0.00000000e+00 -0.00000000e+00
 -0.00000000e+00 -0.00000000e+00 -0.00000000e+00 -0.00000000e+00
 -0.00000000e+00 -0.00000000e+00 -0.00000000e+00 -0.00000000e+00]