Criteria: -lndet(H1)-lndet(H2)
seed = 152
Time[min] = 0.8481683135032654
mu1 = 
[9.48727774 7.43643853]
mu2 = 
[0.72535784 3.29760766]
sigma1 = 
[[1.06014699 1.33182305]
 [1.33182305 1.74763227]]
sigma2 = 
[[18.86143795 24.68729759]
 [24.68729759 32.31593824]]
X1 = 
[[ 7.61067066  8.7002642   8.03713617 11.77594273  9.84869052  9.66515581
  10.27124474  9.38062647  8.67457836  9.82938563 11.30573537]
 [ 4.78826027  6.37010735  5.83680935 10.70123306  7.67656391  7.80663025
   8.20886411  7.18476997  6.22938997  8.1570265  10.41136477]]
X2 = 
[[-1.91163128  6.55159152  3.40007926 -2.27005145 -0.82821857  9.5382587
   0.98160945  7.20023544  0.87227583 -0.33080844 -3.24304279]
 [-0.2525726  10.84635347  6.77234845 -0.66394362  1.21531605 14.85197252
   3.64856819 11.7691079   3.50865577  1.96313524 -1.87704872]]
H1 = 
[[ 18.14275676 -12.62919135]
 [-12.62919135   9.00729099]]
H2 = 
[[ 59.41540751 -45.40089197]
 [-45.40089197  34.7134671 ]]
tail_H1 = 338.4684558102659
tail_H2 = 196.040079465723
centre_1 = 
[9.65527572 7.79655587]
centre_2 = 
[3.15293844 6.48874955]
y = 
[-0. -0. -0. -0. -0. -0. -0. -0. -0. -0. -0.  1.  1.  1.  1.  1.  1.  1.
  1.  1.  1.  1.]