Criteria: -lndet(H1)-lndet(H2)
seed = 339
Time[min] = 4.946730999151866
mu1 = 
[6.37747311 1.71612134]
mu2 = 
[1.18541655 7.58231704]
sigma1 = 
[[2.80572407 0.39694495]
 [0.39694495 0.97133689]]
sigma2 = 
[[9.44774047 4.96939071]
 [4.96939071 9.59251878]]
X1 = 
[[ 6.08757151  6.13473746  6.36942146  4.28352755  7.45950031  6.63036863
   4.70476463  8.68033534  3.64675993  6.85945045  5.38372984  8.6793638
   5.34764275  9.01790653  6.80601309]
 [ 2.44453401  1.37131408  1.78003926  3.02746819  2.25888376  1.39704251
   0.54741826  1.93695959  1.53889032 -0.11367951  0.45229171  2.13453882
   0.73992799  1.78466946  1.38125259]]
X2 = 
[[-1.12770414  2.06189812  5.14567051  2.88898249  3.30123409 -2.33126074
   1.43522142  4.22640312  4.21184606  0.93237663  3.58323843  2.46955974
  -1.07149621 -1.99644316  1.91894494]
 [ 7.0939042   3.84744577  7.91649539  7.60684905 12.10317567  7.85683998
   8.67015786  7.76396519 10.31582551  9.13403745 10.96015159 10.8630298
   6.807832    7.88228763  8.05522595]]
H1 = 
[[0.08200838 0.04119186]
 [0.04119186 0.06439929]]
H2 = 
[[86.25851046 66.59867506]
 [66.59867506 69.4852394 ]]
tail_H1 = 6.360181645905101
tail_H2 = 7032.940951994828
centre_1 = 
[3.13945003 6.6357566 ]
centre_2 = 
[1.18377578 8.90232862]
y = 
[-0.00000000e+00 -0.00000000e+00 -0.00000000e+00 -0.00000000e+00
 -0.00000000e+00 -0.00000000e+00  7.54947651e-08 -0.00000000e+00
 -0.00000000e+00 -0.00000000e+00 -0.00000000e+00 -0.00000000e+00
 -0.00000000e+00 -0.00000000e+00 -0.00000000e+00 -0.00000000e+00
 -0.00000000e+00 -0.00000000e+00 -0.00000000e+00 -0.00000000e+00
 -0.00000000e+00  1.00000000e+00 -0.00000000e+00 -0.00000000e+00
  1.00000000e+00 -0.00000000e+00 -0.00000000e+00 -0.00000000e+00
 -0.00000000e+00 -0.00000000e+00]