Criteria: -lndet(H1)-lndet(H2)
seed = 364
Time[min] = 2.192756501833598
mu1 = 
[4.25236144 0.99032904]
mu2 = 
[3.87167689 6.57842084]
sigma1 = 
[[7.12204692 1.04009292]
 [1.04009292 0.15250102]]
sigma2 = 
[[61.54148511  8.99374293]
 [ 8.99374293  1.3143589 ]]
X1 = 
[[-2.8602825   6.28185114  5.63840019  3.89155917  2.94098333  6.21642708
   4.75149571  5.03981077  5.98387415  1.77998511  6.27344428  8.88996104
   5.0190854   2.61869865  2.04765782]
 [-0.01660922  1.3367849   1.20874071  0.94101261  0.79301086  1.27572328
   1.07219847  1.08343886  1.24693468  0.60612922  1.31972063  1.67721408
   1.14386699  0.74030556  0.67759821]]
X2 = 
[[ 1.92737594  3.27702875  8.26725824  4.09974822 12.42103841 -0.372851
  -0.12733775 -0.55326834 -2.38981006  1.99735803  5.80559379  5.71142205
  -9.51371221  6.62129483 15.25894862]
 [ 6.29455516  6.49035181  7.22234742  6.6137411   7.82636481  5.95632668
   5.99493133  5.93246677  5.66050713  6.3042244   6.86176841  6.8498977
   4.62011661  6.97963328  8.24239386]]
H1 = 
[[ 1.38111476 -9.18505564]
 [-9.18505564 63.06279202]]
H2 = 
[[ 1.34560555 -9.13381214]
 [-9.13381214 62.45301356]]
tail_H1 = 11.754341215673234
tail_H2 = 2255.057048448075
centre_1 = 
[3.02401312 0.83584747]
centre_2 = 
[2.87180089 6.42689687]
y = 
[-0.00000000e+00 -0.00000000e+00 -0.00000000e+00 -0.00000000e+00
 -0.00000000e+00 -0.00000000e+00 -0.00000000e+00 -0.00000000e+00
 -0.00000000e+00  1.14220723e-08 -0.00000000e+00 -0.00000000e+00
 -0.00000000e+00 -0.00000000e+00 -0.00000000e+00  1.00000000e+00
  1.00000000e+00  1.00000000e+00  1.00000000e+00  1.00000000e+00
  1.00000000e+00  1.00000000e+00  1.00000000e+00  1.00000000e+00
  1.00000000e+00  1.00000000e+00  1.00000000e+00  1.00000000e+00
  1.00000000e+00  1.00000000e+00]