Criteria: -lndet(H1)-lndet(H2)
seed = 225
Time[min] = 0.45230718453725177
mu1 = 
[2.92165679 5.35155408]
mu2 = 
[6.01254101 4.23795585]
sigma1 = 
[[1.44934353 3.48211446]
 [3.48211446 8.36763124]]
sigma2 = 
[[123.35180813 296.41727774]
 [296.41727774 712.29764633]]
X1 = 
[[ 2.51363841  3.1396592  -0.43173347  1.51517508  1.84792849  3.20872727
   2.38243078  2.21838849  1.33311154  3.14535059  1.22457343  3.88432196
   0.87659051  3.61237676  2.69728244  4.35665045  2.40154711]
 [ 4.3561344   5.89291061 -2.66582229  1.90379605  2.75083983  6.04645419
   4.01035643  3.65936778  1.58713103  5.87201677  1.23227263  7.68161782
   0.44162343  7.04038515  4.77421339  8.76564108  4.1018257 ]]
X2 = 
[[ -4.52104861  15.04140811  30.56819109   3.52878156  -3.27804442
   13.89423176   6.30466259   3.14537405   2.85281805  17.99529439
   11.60562011  -0.51231517  11.18782434  11.55113911  11.19569994
    4.37578442  15.01394438]
 [-21.07445825  25.93416914  63.24636138  -1.73090005 -18.08777949
   23.17791806   4.94092686  -2.65063827  -3.3551327   33.03271608
   17.67891148 -11.44180379  16.67511143  17.54770117  16.6929013
    0.30488441  25.86994087]]
H1 = 
[[156.75649159 -65.23719952]
 [-65.23719952  27.15054682]]
H2 = 
[[153.30947614 -64.03005438]
 [-64.03005438  26.78760021]]
tail_H1 = 2827.3948115207886
tail_H2 = 75.21682882207855
centre_1 = 
[13.01482198 21.07135785]
centre_2 = 
[1.9604505 3.0385325]
y = 
[ 1.          1.          1.          1.          1.          1.
  1.          1.          0.99999997  1.          1.          1.
  1.          1.          1.          1.          1.         -0.
 -0.         -0.         -0.         -0.         -0.         -0.
 -0.         -0.         -0.         -0.         -0.         -0.
 -0.         -0.         -0.         -0.        ]