Criteria: -lndet(H1)-lndet(H2)
seed = 134
Time[min] = 0.22293833494186402
mu1 = 
[8.11403626 4.47764245]
mu2 = 
[7.11670077 6.65271652]
sigma1 = 
[[8.17151967 8.2078972 ]
 [8.2078972  8.24568975]]
sigma2 = 
[[740.46949883 743.86873173]
 [743.86873173 747.28357072]]
X1 = 
[[ 5.45126806  9.40902154  7.06380529 10.7099438   9.62172811  8.0080932
   6.36476899  5.39775543  7.50749903  9.63117212]
 [ 1.78116679  5.72330777  3.43516339  7.13197152  5.94893927  4.41680654
   2.75067369  1.74585805  3.84105816  6.01845578]]
X2 = 
[[  4.86547271  15.91134839 -20.64738643  32.02572058  22.56349662
    9.08215287  64.21919699  -3.17684504  51.88647697  18.01611271]
 [  4.39139109  15.4867069  -21.23836867  31.67753333  22.16892974
    8.62558081  64.01679187  -3.68892534  51.62731858  17.60198059]]
H1 = 
[[ 170.90965941 -169.04590062]
 [-169.04590062  167.39704895]]
H2 = 
[[ 193.63363443 -192.74707222]
 [-192.74707222  191.86539455]]
tail_H1 = 2307.269605085584
tail_H2 = 49.71161641317939
centre_1 = 
[8.06304535 4.44155297]
centre_2 = 
[21.77665372 21.37749935]
y = 
[-0. -0. -0. -0. -0. -0. -0. -0. -0. -0.  1.  1.  1.  1.  1.  1.  1.  1.
  1.  1.]