Criteria: -lndet(H1)-lndet(H2)
seed = 157
Time[min] = 0.5682374636332194
mu1 = 
[7.97402065 5.85220572]
mu2 = 
[2.48974   4.5374224]
sigma1 = 
[[0.73825174 1.84489357]
 [1.84489357 4.61529493]]
sigma2 = 
[[ 34.58133836  86.5092751 ]
 [ 86.5092751  216.41310501]]
X1 = 
[[9.47607828 7.9257875  7.51890049 7.0096613  7.26285913 8.94170765
  7.46520049 8.59750524 7.00494739 7.9783223  7.64414204 7.80039881]
 [9.58556306 5.68580539 4.75843372 3.43141941 3.97802129 8.19587769
  4.52482358 7.42017144 3.55281707 5.87331976 5.00089552 5.40816433]]
X2 = 
[[11.3134056   4.61120442  2.8073465  10.18546818  6.39236395  4.23158379
   8.20904753 -1.75320155 -1.53823189  3.40047098  4.80194288  7.81169913]
 [26.60841083  9.84259772  5.33193537 23.78983188 14.301118    8.89496831
  18.84041041 -6.07500721 -5.53954999  6.81560028 10.32198022 17.85192048]]
H1 = 
[[ 80.28749349 -32.0913223 ]
 [-32.0913223   12.8326821 ]]
H2 = 
[[ 80.20275242 -31.95119594]
 [-31.95119594  12.88469265]]
tail_H1 = 39.235755048971384
tail_H2 = 2549.9978568656093
centre_1 = 
[ 4.78195995 10.26199585]
centre_2 = 
[8.23248412 6.53356361]
y = 
[ 1.          1.          1.          1.          0.99999999  1.
  1.          1.          1.          1.          1.          1.
 -0.         -0.         -0.         -0.         -0.         -0.
 -0.         -0.         -0.         -0.         -0.         -0.        ]