Criteria: -lndet(H1)-lndet(H2)
seed = 407
Time[min] = 4.1071593999862674
mu1 = 
[8.5237188 5.037886 ]
mu2 = 
[2.90753222 4.69994822]
sigma1 = 
[[3.15934812 1.10082207]
 [1.10082207 0.9826004 ]]
sigma2 = 
[[22.09957275 14.29456218]
 [14.29456218 10.86684473]]
X1 = 
[[5.9800912  9.36830109 5.57976067 7.55519911 7.09859736 8.76879854
  7.10122782 8.37545851 7.1474746  7.28017743 6.29150288 6.85954985
  6.72534136 5.19429421]
 [4.79580049 5.07026648 4.25129239 4.05612923 4.22519056 3.94365469
  3.93379283 5.4957374  6.19178383 5.14975108 4.22540218 4.82366311
  4.16108745 4.06301467]]
X2 = 
[[ 9.9862312   2.17466941 12.72860912  1.54008915 -1.28487678  2.84373974
   0.27522378 -0.77125931 -1.4579421  -0.70237039  3.7862586   5.24347213
   6.81661396 -1.77971426]
 [ 9.47428327  5.7141337  12.49886676  3.97327018  1.58962017  5.46805937
   5.96577875  2.51706166  3.18695224  0.49533507  4.33507623  4.28873221
   8.3331346   0.68307568]]
H1 = 
[[ 44.23103545 -36.33072598]
 [-36.33072598  59.24061915]]
H2 = 
[[ 0.06655266 -0.0669137 ]
 [-0.0669137   0.11963859]]
tail_H1 = 699.5462114583718
tail_H2 = 3.1062779534481906
centre_1 = 
[5.41709191 4.2761702 ]
centre_2 = 
[6.11965474 6.33609152]
y = 
[ 1.  1. -0.  1.  1.  1.  1.  1.  1.  1.  1.  1.  1. -0.  1.  1.  1.  1.
  1.  1.  1.  1.  1.  1.  1. -0.  1.  1.]