Criteria: -lndet(H1)-lndet(H2)
seed = 516
Time[min] = 15.842455220222472
mu1 = 
[8.1156605  7.08409061]
mu2 = 
[5.42151573 1.95083825]
sigma1 = 
[[3.22492342 4.83587174]
 [4.83587174 7.64435106]]
sigma2 = 
[[244.25668617 385.26632862]
 [385.26632862 607.74668606]]
X1 = 
[[ 7.84193108  7.24164309  5.11523307  8.47598108  4.52440455  9.09265041
  12.34392197  7.75303254  5.44827596  7.23333082  9.13993135  7.00300638
  10.42881466  8.49619674  8.34698247  9.91005523  6.83805583 11.29141003
   8.43983557 10.07532319]
 [ 5.89364561  4.76947297  2.5531855   7.65536833  1.77316558  7.38936153
  12.86112043  6.96906547  3.52947089  5.30668436  7.33186503  6.44209402
   9.14730038  8.50337397  7.34098521 10.52847778  5.30682915 11.34122806
   8.32428876  9.97255767]]
X2 = 
[[ -8.87312912  14.45508521  13.43676839  -0.39879488   8.52179677
   27.84993703   6.98990306   7.66262569   6.46323939  -5.65379811
   -4.84481093 -23.42239392 -15.78353902  22.02802325  -6.7269778
   13.67675628  -3.70079519  -8.99082575   0.81898971  12.15507454]
 [-20.67867926  16.1897106   14.26748591  -7.14070018   6.9895801
   37.19379346   4.47544586   5.2919601    3.13848544 -15.34832173
  -14.63809118 -44.32495395 -31.45764017  27.63089816 -17.07863562
   14.9842043  -12.51096971 -20.72622193  -5.72558012  12.43794366]]
H1 = 
[[1418.54773034 -871.60316762]
 [-871.60316762  536.24122675]]
H2 = 
[[ 2.02602511 -1.26829248]
 [-1.26829248  0.79483666]]
tail_H1 = 25435.391761247778
tail_H2 = 32.674699360931086
centre_1 = 
[7.74693616 5.71997027]
centre_2 = 
[ 3.81046811 -0.22923568]
y = 
[-0.  1.  1.  1.  1.  1.  1.  1.  1.  1.  1.  1.  1.  1.  1.  1.  1.  1.
  1.  1.  1.  1.  1.  1. -0.  1. -0.  1.  1.  1.  1.  1.  1.  1.  1.  1.
  1.  1.  1.  1.]