Criteria: -lndet(H1)-lndet(H2)
seed = 326
Time[min] = 4.821103545029958
mu1 = 
[5.19521868 8.53195769]
mu2 = 
[2.4217899  4.35366714]
sigma1 = 
[[0.26541224 0.68793438]
 [0.68793438 4.7492185 ]]
sigma2 = 
[[  4.8029808   32.85409319]
 [ 32.85409319 226.02401776]]
X1 = 
[[ 5.13615648  4.86254188  4.90989098  5.09330782  5.10094473  5.85076328
   4.40654272  4.17907552  4.42097077  5.55163972  5.25708062  5.05640778
   4.68583487  5.43833697]
 [ 8.07992367  5.12727955  9.65024296  9.65322994  9.39481509 11.33943855
   3.30865666  5.89064643  6.47539762  9.53589764  9.17779222  8.63484754
   9.05151654 13.37576872]]
X2 = 
[[  5.55949979   1.15325262   2.31840984   0.26351508   2.56764908
    1.43289266   3.25600226   5.56150602   2.23412531   4.53908441
    1.52340574   0.83734599   1.09928141   0.71493066]
 [ 27.56826739  -2.64829676   3.59411188 -11.87115884   3.24616341
   -1.11423468   9.19140293  25.93381056   2.41490482  20.40017704
   -2.59791979  -5.67195899  -3.71484449  -6.17145725]]
H1 = 
[[ 0.74502174 -0.10549006]
 [-0.10549006  0.01875412]]
H2 = 
[[363.32186867 -66.03706996]
 [-66.03706996  13.81438719]]
tail_H1 = 6.405496964884934
tail_H2 = 981.4159746784868
centre_1 = 
[3.89120348 9.01157709]
centre_2 = 
[ 1.29457219 -1.88142768]
y = 
[-0.00000000e+00  8.82260076e-09 -0.00000000e+00 -0.00000000e+00
 -0.00000000e+00 -0.00000000e+00 -0.00000000e+00 -0.00000000e+00
 -0.00000000e+00 -0.00000000e+00 -0.00000000e+00 -0.00000000e+00
 -0.00000000e+00 -0.00000000e+00 -0.00000000e+00  1.00000000e+00
 -0.00000000e+00 -0.00000000e+00 -0.00000000e+00  1.00000000e+00
 -0.00000000e+00 -0.00000000e+00 -0.00000000e+00 -0.00000000e+00
 -0.00000000e+00 -0.00000000e+00 -0.00000000e+00 -0.00000000e+00]