Criteria: -lndet(H1)-lndet(H2)
seed = 443
Time[min] = 21.267388415336608
mu1 = 
[7.01064859 9.26697308]
mu2 = 
[6.90965046 1.81538921]
sigma1 = 
[[3.25778885 1.50970038]
 [1.50970038 1.02269046]]
sigma2 = 
[[33.40514061 20.35784687]
 [20.35784687 12.73815304]]
X1 = 
[[ 7.39186209  9.68061258  7.19862217 10.71934942  6.22421767  6.10773567
   5.47917718  6.30575418 10.08938233  5.59020374  8.61348216  7.01691098
   7.34579439  8.26373629  6.70909545  4.87080191  6.34103637  6.0172295
   6.863346    8.2786671   6.95370974  7.39961192  8.59858028]
 [10.67726067 10.553658    9.88549764 11.38078975  9.24860656  7.88911065
   8.04353719  8.80530207 10.00481438  7.31600679  9.36423548  9.25645756
   8.54751697  9.57541612  8.91890477  8.20993236 10.12321969  9.43456686
   9.69581629  9.79727565  9.80940033  9.76390928 10.59966112]]
X2 = 
[[-0.85450813  4.33801893  5.92060042  3.65993435 12.63573462  9.8166397
   2.24208491  8.55599982  2.85125521 -1.54701856 -1.02249007  2.79195438
   8.65281787  6.47117757 12.72153594 13.85475878  3.6813311   4.02027542
  13.44537062 12.74962679 10.7786487   9.17054008  8.89197313]
 [-2.46634377  0.35818266  2.62675801 -0.07585456  5.32454824  4.02288577
  -1.45479414  2.89530372 -0.88537212 -3.58135372 -3.54078392 -1.93098372
   1.62049594  1.49943074  5.61696724  6.17881828 -0.07416511 -0.46236583
   3.96760964  4.53714311  3.8761996   2.46388472  2.22277147]]
H1 = 
[[ 0.04203933 -0.02726453]
 [-0.02726453  0.04767488]]
H2 = 
[[21.52243212 -8.80096866]
 [-8.80096866 13.64928522]]
tail_H1 = 2.0655042022182744
tail_H2 = 1159.9142823459863
centre_1 = 
[6.34712444 3.64981524]
centre_2 = 
[7.02957193 9.76900431]
y = 
[-0. -0.  1. -0. -0. -0. -0. -0. -0. -0. -0. -0. -0. -0. -0. -0. -0. -0.
  1. -0.  1. -0. -0. -0. -0. -0. -0. -0. -0. -0. -0. -0. -0. -0. -0. -0.
 -0. -0. -0. -0. -0. -0. -0. -0. -0. -0.]