Criteria: -lndet(H1)-lndet(H2)
seed = 377
Time[min] = 1.4565798004468282
mu1 = 
[1.18484142 5.20949018]
mu2 = 
[4.91474563 1.74393632]
sigma1 = 
[[7.0144118  6.02822221]
 [6.02822221 5.31403357]]
sigma2 = 
[[412.59660355 362.62618496]
 [362.62618496 318.72899051]]
X1 = 
[[ 3.08254173 -2.03651725  3.19812152  0.90286304  4.23609937  2.96817584
   3.89346166  2.57633219  3.65744803  2.91840388  1.1956138  -2.6612859
   1.23200763 -1.98306021 -1.71391615  2.94454526]
 [ 6.70467983  2.3098299   7.21118751  5.52489851  8.23523401  6.46000485
   7.63901193  6.90622428  8.1181867   6.95226296  5.58786144  2.12457792
   5.04229291  2.18890108  2.88123323  7.32124453]]
X2 = 
[[-13.1284737    3.53499533   6.2406965  -27.51949767  -6.73372023
   18.83928649 -22.58831056  10.14132367 -15.03014192 -21.65403326
    8.79440756  -7.20080161  -0.66509362 -20.66277626  43.00370246
   -2.27377293]
 [-14.17089814   0.48010134   2.92220754 -26.74744353  -8.44708518
   13.90984295 -22.26842799   6.50107717 -15.81217997 -21.47936479
    5.03584071  -8.84481256  -2.98154274 -20.73797016  35.28852048
   -4.69004782]]
H1 = 
[[ 4.34413418 -4.69672951]
 [-4.69672951  5.22876108]]
H2 = 
[[ 28.11508384 -31.97448479]
 [-31.97448479  36.36524305]]
tail_H1 = 99.98990548154303
tail_H2 = 231.82883903660468
centre_1 = 
[1.18393131 5.41067359]
centre_2 = 
[7.50308608 4.08065828]
y = 
[-0. -0. -0. -0. -0. -0. -0. -0. -0. -0. -0. -0. -0. -0. -0. -0.  1.  1.
  1.  1.  1.  1.  1.  1.  1.  1.  1.  1.  1.  1.  1.  1.]