Criteria: -lndet(H1)-lndet(H2)
seed = 420
Time[min] = 11.673499770959218
mu1 = 
[3.15645915 4.53030677]
mu2 = 
[3.52518708 0.67537599]
sigma1 = 
[[0.18993302 0.91773688]
 [0.91773688 4.7192931 ]]
sigma2 = 
[[  8.45848433  43.48500169]
 [ 43.48500169 223.55951437]]
X1 = 
[[3.5604334  3.57248075 2.89920243 3.37969643 3.1443293  3.05747531
  3.94557193 3.17640567 2.50604322 3.53868481 2.80922115 3.08817773
  2.98112536 3.54940055 3.45534124]
 [6.18358367 5.48052165 3.41882925 6.06502833 5.31732084 3.31663649
  8.29585314 3.69203137 1.66143584 7.1104769  3.47961038 3.08221057
  3.79723804 6.74931661 6.70717482]]
X2 = 
[[ -3.13816379   5.16193418   3.05320321   5.07217248   5.41749953
    6.04537873   3.36518245   2.77588641   5.17096813   7.46693265
   -1.00488386  -0.50947864   5.11853777   7.11983939   1.71903208]
 [-33.51633195   9.13163678  -1.79411519   8.59346781  10.40491853
   13.5815365   -0.27920352  -3.2432719    9.07559027  20.83028208
  -22.71690875 -20.06525945   8.91082302  19.19724882  -8.56898918]]
H1 = 
[[47.29532951 -9.26072837]
 [-9.26072837  1.96253638]]
H2 = 
[[1208.60943272 -235.5833079 ]
 [-235.5833079    45.92212769]]
tail_H1 = 254.20979505688027
tail_H2 = 13929.396810648392
centre_1 = 
[3.21072599 4.6562697 ]
centre_2 = 
[ 2.31366382 -5.54596213]
y = 
[-0. -0. -0. -0. -0. -0. -0. -0. -0. -0. -0. -0. -0. -0. -0.  1.  1.  1.
  1.  1.  1.  1.  1.  1.  1.  1.  1.  1.  1.  1.]