Criteria: -lndet(H1)-lndet(H2)
seed = 417
Time[min] = 0.7622632384300232
mu1 = 
[0.1897779  9.86514675]
mu2 = 
[1.96294248 4.25074576]
sigma1 = 
[[2.85576558 5.14791936]
 [5.14791936 9.28751774]]
sigma2 = 
[[273.16613443 492.81517488]
 [492.81517488 889.08093202]]
X1 = 
[[ 1.23190382 -1.64159829 -0.95840486  0.04144546 -0.12055922 -0.45404895
   1.36949971 -1.38114463  5.25791049  2.07434127 -2.15346867 -0.17905526
  -2.91021641 -1.55012342  1.49829376 -0.59157205  2.92002478 -0.54884584
   2.61726948 -0.92898393 -1.45969346]
 [11.82075128  6.57428828  7.66928815  9.6457191   9.18198359  8.6833343
  11.86390233  6.91826649 19.03035452 13.24435596  5.69413571  9.08496342
   4.29172844  6.78851617 12.23674425  8.37924543 14.80255441  8.71478741
  14.29235476  7.96100813  7.00308583]]
X2 = 
[[ 15.29608899  15.83807821 -11.31933998 -23.51622985  24.50341081
   21.34513294 -28.7245808   16.82119113  18.24697353  20.14335624
   15.27798748  28.81633323  10.0897534   -9.65044026  -0.11996751
   -5.29117913   2.47024709   1.94229265   2.53595481   0.07240564
   23.83266602]
 [ 28.3098985   29.28504484 -19.72139252 -41.71635015  44.91653678
   39.22375292 -51.11472752  31.05140175  33.62611783  37.04907289
   28.26400831  52.69349526  18.91624824 -16.70716072   0.49077734
   -8.83406373   5.17191319   4.21047594   5.27871067   0.84147159
   43.7048906 ]]
H1 = 
[[ 80.57496169 -44.66182894]
 [-44.66182894  24.75612503]]
H2 = 
[[ 80.63941552 -44.63828414]
 [-44.63828414  24.73676354]]
tail_H1 = 14.096666409483415
tail_H2 = 2251.001047833853
centre_1 = 
[0.04543172 0.79531655]
centre_2 = 
[ 1.1736018  11.65360497]
y = 
[ 1.  1.  1.  1.  1.  1.  1.  1.  1.  1.  1.  1.  1.  1.  1.  1.  1.  1.
  1.  1.  1. -0. -0. -0. -0. -0. -0. -0. -0. -0. -0. -0. -0. -0. -0. -0.
 -0. -0. -0. -0. -0. -0.]