Criteria: -lndet(H1)-lndet(H2)
seed = 469
Time[min] = 12.403438051541647
mu1 = 
[6.91153404 0.85333493]
mu2 = 
[6.74237314 2.58385438]
sigma1 = 
[[1.88103304 0.96011491]
 [0.96011491 0.52348111]]
sigma2 = 
[[12.75649179  6.83202809]
 [ 6.83202809  3.66214538]]
X1 = 
[[ 9.79511486  9.29923869  7.10052335  6.41746611  5.82992983  7.68425474
   7.72434053  6.45142155  7.5198772   6.0778978   9.23274723  4.87367408
   9.18764389  6.60981741  5.81908343  5.77055553  7.357087    7.20073906
   6.22042262  5.85938013  5.6605995 ]
 [ 2.05184335  2.11195467  1.318879    0.50752439  0.29060172  1.39919646
   1.11441219  0.53781582  0.95316288  0.80435776  2.11624281 -0.0549605
   1.82469391  0.5745543  -0.08865647  0.26390106  1.3469509   1.03156409
   0.39874991  0.3885628   0.2040911 ]]
X2 = 
[[ 2.70730138 13.12535149  2.39677266  7.16393193  7.52119984  6.85970849
   6.8375253   7.15622091  1.31286128  4.97372192 10.80602083  4.17832954
  11.63799722  9.24696235  6.2158949  -1.61084013  1.89565096  2.88054909
   9.93572076 13.19457934  7.28247055]
 [ 0.36866928  5.96906127  0.21029291  2.7883566   2.98488009  2.70107965
   2.61577999  2.7680819  -0.31765835  1.5933702   4.67657641  1.11863245
   5.24246312  3.93690814  2.32333072 -1.85300668  0.05929642  0.49307736
   4.37026477  5.9745661   2.84357292]]
H1 = 
[[ 0.27471099 -0.48750784]
 [-0.48750784  0.95810635]]
H2 = 
[[ 138.57094775 -216.62995   ]
 [-216.62995     415.57157969]]
tail_H1 = 4.546119179282362
tail_H2 = 1718.4782776212967
centre_1 = 
[6.33872876 1.61798573]
centre_2 = 
[7.21734371 2.8063951 ]
y = 
[-0. -0. -0. -0. -0. -0. -0. -0. -0. -0. -0. -0. -0. -0. -0. -0. -0. -0.
 -0. -0. -0. -0. -0. -0.  1. -0. -0. -0.  1. -0. -0. -0. -0. -0. -0. -0.
 -0. -0. -0. -0. -0.  1.]