Criteria: -lndet(H1)-lndet(H2)
seed = 403
Time[min] = 7.660959037144979
mu1 = 
[1.82373566 5.8149169 ]
mu2 = 
[7.17041364 4.3115606 ]
sigma1 = 
[[1.70545776 2.21390903]
 [2.21390903 3.152269  ]]
sigma2 = 
[[ 51.92251807  73.56409627]
 [ 73.56409627 104.26939143]]
X1 = 
[[-7.09486311e-01  3.96740932e+00  1.91246753e+00  1.72049602e+00
  -1.88130877e-01  1.06443589e-02  9.00041965e-01  1.29128204e+00
   8.42483383e-02  1.85815567e+00  1.63443500e+00  6.24308481e+00
   1.57509587e+00  5.58633302e-01  3.25068065e+00  7.56680353e-01
   1.38691794e+00  2.99617963e+00]
 [ 1.90855207e+00  8.21321159e+00  5.11858465e+00  5.34398971e+00
   2.80928256e+00  2.76618866e+00  4.58369687e+00  5.78500058e+00
   3.39778041e+00  5.37578451e+00  5.73252583e+00  1.22781625e+01
   6.08396356e+00  3.68480294e+00  6.01148507e+00  4.77689824e+00
   6.18204230e+00  6.39910962e+00]]
X2 = 
[[ 10.82349     14.06886369   1.72203118   9.70275507   5.28449987
    7.74206949   1.9341117    6.81330188  -2.12679319   8.36186347
   11.23426916  14.77075526   1.71423041 -10.87010773  19.51773515
   18.34527708   5.68708455   4.28176123]
 [  9.47928228  14.00554789  -3.44728112   7.88810716   1.54652087
    4.9064193   -3.04211336   4.18526797  -8.7341542    5.83127528
   10.1146634   15.21717658  -3.89900507 -21.07539932  21.62366505
   20.22879407   2.23232326   0.20764859]]
H1 = 
[[ 0.09048672 -0.06167544]
 [-0.06167544  0.04524696]]
H2 = 
[[ 49.98300577 -28.67501304]
 [-28.67501304  18.77091774]]
tail_H1 = 1.3144277186963345
tail_H2 = 757.8900796865913
centre_1 = 
[3.34438932 2.24271224]
centre_2 = 
[ 1.83770282 -3.45176738]
y = 
[-0. -0. -0. -0. -0. -0. -0. -0. -0. -0. -0. -0. -0. -0. -0. -0. -0. -0.
 -0. -0.  1. -0. -0. -0.  1. -0. -0. -0. -0. -0.  1. -0. -0. -0. -0. -0.]