Criteria: -lndet(H1)-lndet(H2)
seed = 209
Time[min] = 8.99693173567454
mu1 = 
[8.43283824 3.3811676 ]
mu2 = 
[2.93114697 0.9036921 ]
sigma1 = 
[[4.5990785  4.72769455]
 [4.72769455 5.14381044]]
sigma2 = 
[[244.66248028 264.92668415]
 [264.92668415 286.9389545 ]]
X1 = 
[[ 8.09038327  5.81054252  6.48388489  9.76561479  8.11608896  7.62586276
  10.13278454  8.3948407  10.62044071  6.52521004  4.4130195   9.40108105
   6.95496858  6.53575234  8.38091516  8.82242731]
 [ 2.62397537  0.20720482  0.98069402  5.28955716  2.91196615  2.33988601
   6.12110355  2.36889551  5.58487498  1.54590042  0.11703214  5.21334421
   2.42026649  1.38873657  3.95267378  3.9386677 ]]
X2 = 
[[ -2.07718421   0.44526662  15.11929788  19.49016615  37.61884404
    9.12070952  21.85283994 -11.62525724  -0.14179887   4.0418169
  -13.7854523   37.01941628  10.53654081  14.32746706  -9.01570499
  -42.291215  ]
 [ -4.33152937  -2.13234027  14.4193682   19.00998611  38.87995288
    7.05552695  21.41610147 -14.90608722  -2.75556392   2.48850493
  -16.93657681  38.20716573   9.23645057  13.3139995  -12.27622586
  -47.77680431]]
H1 = 
[[ 66.17705301 -62.13179085]
 [-62.13179085  58.93923177]]
H2 = 
[[ 0.2296866  -0.21303024]
 [-0.21303024  0.1983743 ]]
tail_H1 = 1882.8267240531359
tail_H2 = 3.443073554257392
centre_1 = 
[7.13773177 1.92793336]
centre_2 = 
[ 1.24110588 -2.17558447]
y = 
[ 1.  1.  1.  1. -0. -0.  1.  1.  1.  1.  1.  1.  1. -0.  1.  1.  1.  1.
  1.  1.  1.  1.  1.  1.  1.  1.  1.  1.  1.  1.  1.  1.]