Criteria: -lndet(H1)-lndet(H2)
seed = 416
Time[min] = 5.1631364822387695
mu1 = 
[3.77609482 2.48038363]
mu2 = 
[3.13734218 8.77719159]
sigma1 = 
[[0.41577934 0.44045769]
 [0.44045769 0.78953728]]
sigma2 = 
[[2.11290219 3.66071085]
 [3.66071085 6.42769418]]
X1 = 
[[4.24325921 3.81059464 4.18224754 3.94214577 3.41797312 4.22077813
  3.23947445 3.38183417 4.28733246 4.08571546 3.17332994 4.37772891
  3.63105932 4.9475542  3.75089723 3.39197386 3.5760115  3.36327152
  4.21811702]
 [3.15204842 3.48312546 3.30863045 2.14272736 2.19252347 2.59783109
  1.65664219 2.06364885 3.13685146 3.36967602 3.4169275  2.8075938
  2.14315637 3.47985451 3.06732015 1.71887257 3.07419901 1.86301424
  3.06923716]]
X2 = 
[[ 1.68565032  2.88805271  2.86357959  3.73202397  3.24011777  3.1863944
   0.74478648  1.15238375  2.84082182  3.86232322  2.37932751  4.4381636
   2.13068059  2.04313579  3.48205642  2.63273465 -1.85946063  3.58119563
   4.96672059]
 [ 6.84391344  8.23918361  8.46499857  9.79358918  8.59728846  8.70996617
   4.67515505  5.82335114  8.40668888 10.24610459  7.41089278 11.25760874
   7.15274846  6.5355027   9.1205032   8.1917341   0.83345917  9.38714177
  11.7777952 ]]
H1 = 
[[113.37604513 -34.71556889]
 [-34.71556889  34.2096522 ]]
H2 = 
[[ 0.18429753 -0.08749287]
 [-0.08749287  0.08753917]]
tail_H1 = 1656.368548140476
tail_H2 = 2.3268949670223256
centre_1 = 
[2.871226   8.34640926]
centre_2 = 
[2.68482704 5.3635366 ]
y = 
[ 1.  1.  1.  1.  1.  1.  1.  1.  1.  1.  1.  1.  1.  1.  1.  1.  1.  1.
  1.  1. -0. -0.  1.  1.  1.  1.  1. -0.  1.  1.  1.  1.  1.  1.  1.  1.
  1.  1.]