Criteria: -lndet(H1)-lndet(H2)
seed = 351
Time[min] = 3.804370133082072
mu1 = 
[0.1126577  2.83025496]
mu2 = 
[9.78936449 9.87341715]
sigma1 = 
[[6.70105307 1.33708995]
 [1.33708995 0.40654665]]
sigma2 = 
[[62.7822076  14.39580513]
 [14.39580513  3.44061133]]
X1 = 
[[-0.31402242  3.01666446  0.78772179 -2.12067968 -2.83700705 -5.05237638
   1.67226475 -1.56073453  4.686547   -3.0876632   1.41797542  0.3577103
   2.76295813  1.88601709]
 [ 2.0325909   3.53024717  3.24168089  2.75838895  1.61713834  1.63033483
   3.87362618  2.21761897  3.53401367  2.2570789   2.89692893  2.73308095
   3.19542866  3.5242615 ]]
X2 = 
[[ 8.95443138  6.17588869 26.89692162 10.85288007 14.19830461 18.3796597
  16.36893329 20.66239072  4.91211409 13.17011938  1.29070087  0.46641223
  14.44179735 20.53798445]
 [ 8.85464783  8.33793913 13.6504409  10.08424414 11.09544021 11.80468592
  11.3351892  12.93175465  9.54003909 11.1733532   7.6331917   7.46899486
  11.22360346 12.67434202]]
H1 = 
[[ 21.55689952 -47.03953545]
 [-47.03953545 118.42680295]]
H2 = 
[[ 0.03082823 -0.06684133]
 [-0.06684133  0.18736138]]
tail_H1 = 3746.5929180536873
tail_H2 = 5.861580031050283
centre_1 = 
[20.57525816 12.79350797]
centre_2 = 
[10.29557049  8.36308614]
y = 
[ 1.  1.  1.  1.  1.  1.  1.  1.  1.  1.  1.  1.  1.  1.  1.  1.  1.  1.
  1.  1.  1. -0.  1.  1.  1.  1.  1. -0.]