Criteria: -lndet(H1)-lndet(H2)
seed = 326
Time[min] = 5.55795290072759
mu1 = 
[5.19521868 8.53195769]
mu2 = 
[2.4217899  4.35366714]
sigma1 = 
[[0.26541224 0.68793438]
 [0.68793438 4.7492185 ]]
sigma2 = 
[[  4.8029808   32.85409319]
 [ 32.85409319 226.02401776]]
X1 = 
[[ 5.13615648  4.86254188  4.90989098  5.09330782  5.10094473  5.85076328
   4.40654272  4.17907552  4.42097077  5.55163972]
 [ 8.07992367  5.12727955  9.65024296  9.65322994  9.39481509 11.33943855
   3.30865666  5.89064643  6.47539762  9.53589764]]
X2 = 
[[  1.79293124   2.40267267   2.2207939   -2.17426987   5.55949979
    1.15325262   2.31840984   0.26351508   2.56764908   1.43289266]
 [ -0.07000988   3.79080084   1.32855957 -28.61349242  27.56826739
   -2.64829676   3.59411188 -11.87115884   3.24616341  -1.11423468]]
H1 = 
[[ 0.74760405 -0.11184131]
 [-0.11184131  0.01852563]]
H2 = 
[[363.32199633 -66.03710001]
 [-66.03710001  13.81439299]]
tail_H1 = 5.941103476303609
tail_H2 = 981.4166530396807
centre_1 = 
[3.0786766  3.43142909]
centre_2 = 
[ 1.29457243 -1.8814277 ]
y = 
[-0.0000000e+00  1.4072045e-08 -0.0000000e+00 -0.0000000e+00
 -0.0000000e+00 -0.0000000e+00 -0.0000000e+00 -0.0000000e+00
 -0.0000000e+00 -0.0000000e+00 -0.0000000e+00 -0.0000000e+00
 -0.0000000e+00 -0.0000000e+00 -0.0000000e+00  1.0000000e+00
 -0.0000000e+00 -0.0000000e+00 -0.0000000e+00  1.0000000e+00]