Criteria: -lndet(H1)-lndet(H2)
seed = 199
Time[min] = 3.2853594144185383
mu1 = 
[6.54791695 9.82039285]
mu2 = 
[6.19477842 3.31836789]
sigma1 = 
[[7.28585992 4.78479966]
 [4.78479966 3.1836894 ]]
sigma2 = 
[[282.02683233 187.19453939]
 [187.19453939 124.25308953]]
X1 = 
[[ 3.31261156  9.12695429  2.38474431  3.53242067  7.21083463  4.39000409
   6.45997794  6.6603618   5.42582694  9.58223857  6.76095117  5.28172385
   4.73910243  7.55593171  6.8049855 ]
 [ 7.62765653 11.56205136  6.6049456   8.30866741 10.12440772  8.30989631
  10.02750724 10.18179421  9.003401   11.63472432 10.20015108  9.00198667
   8.54713978 10.43395281 10.04920232]]
X2 = 
[[-22.01342676  -8.99590582   4.14867524  -6.35303561  10.39819681
   25.57448753   9.18023203  35.93852944  17.1993353    9.30370724
  -18.53542917  10.68510893  12.04818562 -19.68207711   6.29068222]
 [-15.38193216  -6.78218538   2.01178194  -5.03750089   6.14257201
   16.18570843   5.25733777  23.0955918   10.59456653   5.36263048
  -13.10596873   6.21000163   7.05877637 -13.91023477   3.41848954]]
H1 = 
[[ 19.49226495 -29.34906895]
 [-29.34906895  44.19431039]]
H2 = 
[[ 2.79654195 -4.15086276]
 [-4.15086276  6.39026449]]
tail_H1 = 27.567219932322047
tail_H2 = 196.52779006967296
centre_1 = 
[6.96287536 3.85714181]
centre_2 = 
[5.16647645 8.84945893]
y = 
[ 1.  1.  1.  1.  1.  1.  1.  1.  1.  1.  1.  1.  1.  1.  1. -0. -0. -0.
 -0. -0. -0. -0. -0. -0. -0. -0. -0. -0. -0. -0.]