Criteria: -lndet(H1)-lndet(H2)
seed = 459
Time[min] = 4.3069606502850855
mu1 = 
[3.76323031 5.43074884]
mu2 = 
[9.84777969 9.8012192 ]
sigma1 = 
[[5.66750351 1.10143824]
 [1.10143824 0.23333526]]
sigma2 = 
[[44.25225792  8.81244882]
 [ 8.81244882  1.75761961]]
X1 = 
[[ 1.68845061  3.10533544  7.6782965   3.04357912  6.79484376  9.01104344
  -0.30718512  2.15426321  3.35798499  6.73935156  0.60494789  3.26061532
   4.89617449 -2.73097768  4.76755939  7.01855964  3.89358028  5.47217538]
 [ 5.26363514  5.55479925  6.35451886  5.17834723  6.24817642  6.42539759
   4.49576264  4.97419081  5.47731297  5.74415947  4.95374142  5.4815808
   5.82708208  4.32142848  5.738876    5.99509418  5.56735531  5.9649026 ]]
X2 = 
[[ 8.65734996 15.87057326  1.871942   14.37760716 -3.75337275 11.22679352
  21.45748896 -7.42746802  8.57124101 12.08080086 17.03056759  3.39360692
   1.04813136  9.95086992  7.96815668 12.42804405  2.54334255 14.50861904]
 [ 9.7027932  11.0124077   8.19501098 10.66078228  7.1075329  10.05349952
  12.06193603  6.39026112  9.6232744  10.25009084 11.31293786  8.55320973
   8.03123204  9.8696097   9.54864688 10.24156836  8.29294644 10.71077422]]
H1 = 
[[ 18.14198319 -41.42803235]
 [-41.42803235 164.70780266]]
H2 = 
[[ 0.02330342 -0.07914933]
 [-0.07914933  0.38655244]]
tail_H1 = 9843.827895189095
tail_H2 = 18.33481475373221
centre_1 = 
[8.30277117 9.60641311]
centre_2 = 
[6.48819184 7.96718818]
y = 
[ 1.  1.  1.  1.  1.  1.  1.  1.  1.  1.  1.  1.  1.  1.  1.  1.  1.  1.
 -0.  1.  1.  1.  1.  1.  1.  1. -0.  1.  1.  1.  1.  1. -0.  1.  1.  1.]