Criteria: -lndet(H1)-lndet(H2)
seed = 443
Time[min] = 8.3376651485761
mu1 = 
[7.01064859 9.26697308]
mu2 = 
[6.90965046 1.81538921]
sigma1 = 
[[3.25778885 1.50970038]
 [1.50970038 1.02269046]]
sigma2 = 
[[33.40514061 20.35784687]
 [20.35784687 12.73815304]]
X1 = 
[[ 7.39186209  9.68061258  7.19862217 10.71934942  6.22421767  6.10773567
   5.47917718  6.30575418 10.08938233  5.59020374  8.61348216  7.01691098
   7.34579439  8.26373629  6.70909545  4.87080191  6.34103637  6.0172295
   6.863346  ]
 [10.67726067 10.553658    9.88549764 11.38078975  9.24860656  7.88911065
   8.04353719  8.80530207 10.00481438  7.31600679  9.36423548  9.25645756
   8.54751697  9.57541612  8.91890477  8.20993236 10.12321969  9.43456686
   9.69581629]]
X2 = 
[[10.90734719  7.21015848  8.41930816 12.48272946 -0.85450813  4.33801893
   5.92060042  3.65993435 12.63573462  9.8166397   2.24208491  8.55599982
   2.85125521 -1.54701856 -1.02249007  2.79195438  8.65281787  6.47117757
  12.72153594]
 [ 4.16008385  2.57432069  3.04479221  5.7720689  -2.46634377  0.35818266
   2.62675801 -0.07585456  5.32454824  4.02288577 -1.45479414  2.89530372
  -0.88537212 -3.58135372 -3.54078392 -1.93098372  1.62049594  1.49943074
   5.61696724]]
H1 = 
[[ 27.29872054 -19.2254752 ]
 [-19.2254752   29.45750495]]
H2 = 
[[ 0.05650687 -0.03976839]
 [-0.03976839  0.05900429]]
tail_H1 = 927.9323228626782
tail_H2 = 2.0028024909742523
centre_1 = 
[5.85419033 7.60021684]
centre_2 = 
[5.81009899 3.95557024]
y = 
[ 1.          1.          1.          1.          1.         -0.
  1.          1.          1.         -0.          1.          1.
  1.          1.          1.          1.          1.          1.
  1.          1.          1.          1.          1.          1.
  1.          1.          1.          1.          1.          1.
  1.          1.          1.          0.99999996  1.          1.
  1.          1.        ]