Criteria: -lndet(H1)-lndet(H2)
seed = 381
Time[min] = 1.7514941334724425
mu1 = 
[5.85302252 4.41391091]
mu2 = 
[6.85995891 2.61144448]
sigma1 = 
[[2.9173124  2.13551186]
 [2.13551186 1.5825399 ]]
sigma2 = 
[[54.11482073 40.02528257]
 [40.02528257 29.60473636]]
X1 = 
[[7.19428869 5.35222385 5.34201839 4.9632406  4.79431012 5.84363445
  6.51039638 4.64125505 5.70693058 6.6797019  2.35621062 5.82366435]
 [5.21301901 3.7423709  4.09549459 3.78375954 3.49900641 4.43288645
  5.19717074 3.60037818 4.46135882 4.91478475 1.92308659 4.57131647]]
X2 = 
[[19.4065588   7.37875567 12.60693157 22.39570375 -5.69628552  7.89169382
   4.94030645 15.00771572 16.87856232  9.29338851  1.66190969  5.38630487]
 [11.90693031  3.04726249  6.85128048 14.13579867 -6.74990131  3.41510354
   1.19749173  8.70086573 10.0283724   4.41221046 -1.27152599  1.53772792]]
H1 = 
[[ 10.08731421 -13.4219406 ]
 [-13.4219406   18.34848257]]
H2 = 
[[ 134.35885415 -180.7119537 ]
 [-180.7119537   243.07038465]]
tail_H1 = 8.328341575532756
tail_H2 = 1536.493335690949
centre_1 = 
[5.05777987 3.85520667]
centre_2 = 
[8.34833168 3.69407431]
y = 
[-0. -0. -0. -0. -0. -0. -0. -0. -0. -0. -0. -0.  1.  1.  1.  1.  1.  1.
  1.  1.  1.  1.  1.  1.]