Criteria: -lndet(H1)-lndet(H2)
seed = 404
Time[min] = 19.0276469151179
mu1 = 
[6.68825086 3.50711315]
mu2 = 
[4.72162053 0.06247251]
sigma1 = 
[[1.57067417 2.59893858]
 [2.59893858 8.4280007 ]]
sigma2 = 
[[ 70.0118346  223.12064716]
 [223.12064716 717.06643993]]
X1 = 
[[ 6.04222729  4.36322322  4.92115112  5.82979776  8.76667834  6.77490558
   7.07359587  6.51487678  7.43852864  6.19384376  7.30534073  6.3815405
   6.55066957  5.18245017  4.98256815  7.23751187  4.23429871  6.66439836
   5.47745079  8.11941649]
 [-0.59997294  0.95530447  1.04612856  2.5264229   7.1627842   4.60629229
   6.61524254  3.46782719  4.85543325  2.10522416  3.87830537  1.86901426
   3.90944686 -1.66454551  1.26835316  4.75349475 -0.91025629  4.81539808
  -1.32675403  4.37877897]]
X2 = 
[[-1.20042874e+01  1.27230135e+01  9.05045534e+00  1.29611983e+01
  -4.33204261e+00  1.03439030e+01  4.96678846e+00  2.53304947e+00
   1.59812384e+01  1.84001571e+01  7.70763144e+00  1.05396812e+01
   9.39864280e+00  1.41361072e+01  2.37313465e+01 -3.26465608e-01
  -1.09078913e+01 -2.06799764e+00  4.21322685e-02 -1.62646199e+01]
 [-5.30722624e+01  2.57665486e+01  1.19184957e+01  2.87500374e+01
  -2.35939639e+01  1.97620698e+01  1.18930967e+00 -7.42260907e+00
   3.66990726e+01  4.44164113e+01  1.57259453e+01  1.56660389e+01
   1.50644193e+01  3.04270806e+01  6.59974375e+01 -2.03984370e+01
  -5.19313561e+01 -2.02717915e+01 -9.71854610e+00 -6.76428337e+01]]
H1 = 
[[ 0.46633191 -0.14070675]
 [-0.14070675  0.04284193]]
H2 = 
[[ 415.28173039 -125.60253621]
 [-125.60253621   38.39623514]]
tail_H1 = 11.429852667317979
tail_H2 = 8801.582103489081
centre_1 = 
[5.14780911 1.3877987 ]
centre_2 = 
[4.96034317 1.18218607]
y = 
[-0. -0.  1. -0. -0. -0. -0. -0. -0. -0. -0. -0. -0. -0.  1. -0. -0. -0.
 -0. -0. -0. -0. -0. -0. -0. -0.  1. -0. -0. -0. -0. -0. -0. -0. -0. -0.
 -0. -0. -0. -0.]