Criteria: -lndet(H1)-lndet(H2)
seed = 391
Time[min] = 30.110477650165556
mu1 = 
[0.58556282 1.24827647]
mu2 = 
[0.59556165 1.41272344]
sigma1 = 
[[4.76366595 1.49376822]
 [1.49376822 0.60513544]]
sigma2 = 
[[45.00594832 16.1551338 ]
 [16.1551338   5.89323257]]
X1 = 
[[ 0.50813652  2.85262421 -0.60261091 -0.25068055 -0.81005106  0.01291643
  -6.62515454  1.60262601  1.38235879  4.43741477 -1.30422781  0.09758676
   0.15098683  1.14202331  2.49902759 -1.55630108  1.28603027  0.11394383
   2.54704846]
 [ 1.58699114  2.40769319  0.63200374  1.20714391  0.963381    0.36127389
  -0.5749885   1.39590776  1.78473179  2.62371984  1.0923336   1.20544138
   0.42336922  1.32892543  1.97665614  0.6095321   1.8221635   0.78455384
   2.35844445]]
X2 = 
[[ -4.94334426  -7.30215872  -2.45604998 -11.69738154  10.64486126
    6.16556453   7.73662918  -5.81093213   0.65797319   6.73961782
    9.55142436  10.70821873 -10.62715204   2.23394961   9.21693256
   -3.55645396   2.65273411   2.19053073   9.63000935]
 [ -0.47240076  -1.50423596   0.17112433  -3.77729393   4.98194986
    3.74613336   3.36099803  -0.86744549   1.06275015   3.70553238
    4.47042611   5.58826505  -2.74132312   1.26867795   4.36243485
   -0.10737116   2.10609411   2.09546815   4.64700318]]
H1 = 
[[ 137.55046327 -306.31684862]
 [-306.31684862  748.11265481]]
H2 = 
[[ 0.3767696  -0.97190624]
 [-0.97190624  2.58492252]]
tail_H1 = 442.9360479837797
tail_H2 = 4.279034958117648
centre_1 = 
[0.37972678 0.92209173]
centre_2 = 
[-0.81592983  0.81822506]
y = 
[ 1.         1.         1.         1.         1.         1.
  1.         1.         1.         1.         1.         1.
  1.         1.         1.         1.         1.        -0.
  1.         1.         1.         1.         1.         1.
  1.         1.         1.        -0.         1.         1.
  1.         0.9999995  1.         1.         1.         1.
  1.         1.       ]