Criteria: -lndet(H1)-lndet(H2)
seed = 352
Time[min] = 0.2913536667823792
mu1 = 
[8.7293472  5.61688211]
mu2 = 
[1.19531368 6.43251063]
sigma1 = 
[[0.15534806 0.41281878]
 [0.41281878 1.20726063]]
sigma2 = 
[[ 1.72832651  5.04792926]
 [ 5.04792926 14.74520166]]
X1 = 
[[9.1951397  8.39541677 8.51869531 8.26386304 8.79251085 8.51011574
  8.38955604 8.04473084 8.59503475 8.59329335 8.63986841 9.09688058]
 [6.05308361 4.40281362 4.89546739 4.76197877 5.8872664  4.76564693
  4.77389021 3.9676626  5.29606804 5.07255549 5.39519416 6.62168924]]
X2 = 
[[ 1.10602376 -0.03801164  0.78081676  0.52516241 -0.22216222  3.14026186
  -0.12159478  0.66258642  1.23930959  3.80713033  2.26006668  0.99593316]
 [ 6.16701179  2.82129715  5.17472757  4.52470605  2.35067479 12.14151844
   2.62215663  4.87627182  6.63521654 14.05939693  9.5158881   5.84996729]]
H1 = 
[[ 26.64846396 -11.17778686]
 [-11.17778686   5.55224819]]
H2 = 
[[ 30.23148394 -10.39191882]
 [-10.39191882   3.61593141]]
tail_H1 = 1129.1659448762848
tail_H2 = 36.011733863598934
centre_1 = 
[8.67988336 5.35436284]
centre_2 = 
[1.79802253 8.20342606]
y = 
[-0. -0. -0. -0. -0. -0. -0. -0. -0. -0. -0. -0.  1.  1.  1.  1.  1.  1.
  1.  1.  1.  1.  1.  1.]