Criteria: K-means
seed = 329
Time[min] = 8.765061696370443e-05
mu1 = 
[5.73823662 3.90969617]
mu2 = 
[4.85832236 3.11370751]
sigma1 = 
[[7.37793659 4.04725298]
 [4.04725298 2.72628303]]
sigma2 = 
[[218.23651497 140.19994675]
 [140.19994675  90.706448  ]]
X1 = 
[[10.99814754  5.77484752]
 [ 8.10076909  5.86052849]
 [ 8.28124943  4.41778323]
 [ 7.11166614  3.88730326]
 [ 2.75907005  2.45480569]
 [ 5.03329475  2.99105114]
 [ 8.37847026  5.85988002]
 [ 4.97355256  4.06109599]]
X2 = 
[[  7.21616261   4.9536615 ]
 [ -2.61915237  -2.2949296 ]
 [ 39.04395879  25.17765341]
 [-18.68592517 -10.18205428]
 [ 13.38555941   8.99005396]
 [ 32.17702173  20.30593265]
 [ -4.81632494  -2.21267535]
 [  7.64549721   5.76869125]]
y = 
[0 0 0 0 0 0 0 0 0 0 1 0 0 1 0 0]