Criteria: K-means
seed = 316
Time[min] = 9.127855300903321e-05
mu1 = 
[8.30570414 7.45464225]
mu2 = 
[4.63726339 1.80961958]
sigma1 = 
[[0.56302636 0.73156583]
 [0.73156583 5.2299387 ]]
sigma2 = 
[[  5.66888433  38.67233537]
 [ 38.67233537 274.057777  ]]
X1 = 
[[ 8.06913002  8.71674098]
 [ 9.14016466 10.20799226]
 [ 7.27384784  2.87907791]
 [ 8.39801188  5.1838672 ]
 [ 9.16954375  6.26483971]
 [ 8.42601151  8.22674239]
 [ 7.76212767  7.20738338]]
X2 = 
[[  1.64467418 -24.08004867]
 [  0.4687709  -26.49801932]
 [  3.68398922  -1.75786758]
 [  6.68114556  18.87388632]
 [  6.22021339  15.65092789]
 [  4.07203181   2.20257361]
 [  9.03643505  36.23505913]]
y = 
[0 0 0 0 0 0 0 1 1 0 0 0 0 0]