Criteria: K-means
seed = 490
Time[min] = 0.0001298348108927409
mu1 = 
[6.0561827 1.4777576]
mu2 = 
[8.87072165 3.13746528]
sigma1 = 
[[2.62428237 4.94200281]
 [4.94200281 9.58090107]]
sigma2 = 
[[251.12077534 486.45761045]
 [486.45761045 942.36004431]]
X1 = 
[[ 7.9882837   5.15550341]
 [ 6.55364144  3.01535806]
 [ 3.9910178  -1.77559099]
 [ 5.54119494  1.29130013]
 [ 7.41620311  3.60360099]
 [ 3.40372641 -3.80591952]
 [ 6.28304062  1.90353383]
 [ 4.17839308 -2.26649253]
 [ 9.75676759  8.10747345]
 [ 3.37459412 -3.14138733]
 [ 5.12032312 -0.37922112]
 [ 5.99796073  1.54177625]
 [ 7.29232629  3.90994464]
 [ 2.72817395 -4.52229586]
 [ 6.19483395  2.34603431]
 [ 6.59389127  2.1411871 ]
 [ 6.57796506  3.29944254]
 [ 5.90311593  1.60886442]]
X2 = 
[[ 14.81352096  14.72016278]
 [ 25.72055513  35.89694495]
 [  1.69172423 -10.81937595]
 [  9.53294485   4.2201737 ]
 [ 23.36173319  31.24656924]
 [-18.45881616 -49.69113894]
 [  7.10736829   0.09730338]
 [  1.30250483 -11.59709496]
 [ 17.67406147  20.26166106]
 [  0.7198118  -12.45024662]
 [ 16.76715321  18.36001611]
 [  3.46126189  -7.15983647]
 [  0.87911591 -12.46248861]
 [ 14.43240216  13.83281082]
 [  1.29690312 -11.38063509]
 [ 25.63263105  35.5440704 ]
 [ 23.1793401   30.77529973]
 [ -1.72096782 -17.25177145]]
y = 
[0 0 0 0 0 0 0 0 0 0 0 0 0 0 0 0 0 0 1 1 0 0 1 0 0 0 1 0 1 0 0 1 0 1 1 0]