Criteria: K-means
seed = 446
Time[min] = 9.44813092549642e-05
mu1 = 
[7.66409999 4.14071983]
mu2 = 
[2.79454082 8.34820783]
sigma1 = 
[[ 0.7042331   1.10042369]
 [ 1.10042369 10.43225591]]
sigma2 = 
[[  12.60526726  115.57397035]
 [ 115.57397035 1089.53056673]]
X1 = 
[[ 9.3232275   2.31120772]
 [ 7.93458524  4.92997832]
 [ 7.40718783  4.72033696]
 [ 8.68572735  4.52107972]
 [ 6.95071124  0.72409432]
 [ 8.78558257  6.54916969]
 [ 7.02301495  0.35498641]
 [ 7.11319182  1.99342213]
 [ 7.71674694  7.83902717]
 [ 7.04721992  3.89547661]
 [ 8.68227914  7.08768113]
 [ 6.8162726   0.03566326]
 [ 6.31897461  0.37270978]
 [ 7.52918059  5.17878943]
 [ 6.72706503  0.14026174]
 [ 7.94050385  6.6409702 ]
 [ 8.02057072 10.98863857]]
X2 = 
[[  3.38498471  11.42545922]
 [  9.03508612  52.44622729]
 [  2.21055971  -7.43368524]
 [  1.18328202  -9.79417926]
 [  0.32866046 -17.9225195 ]
 [  0.90426601 -16.80148736]
 [  4.9991137   27.30515921]
 [  2.2790465   12.13297206]
 [  7.5087453   55.56532943]
 [  1.60819661   2.76718984]
 [  1.06830072  -5.0809026 ]
 [ -2.52275877 -36.50840632]
 [  3.89917591   7.85976527]
 [  7.97784637  56.87682277]
 [  1.66802921   4.35879779]
 [ -0.90493148 -24.93752264]
 [  5.28122629  32.24015485]]
y = 
[0 0 0 0 0 0 0 0 0 0 0 0 0 0 0 0 0 0 1 0 0 0 0 1 0 1 0 0 0 0 1 0 0 1]