Criteria: K-means
seed = 300
Time[min] = 0.00010229746500651042
mu1 = 
[4.51122569 2.21022342]
mu2 = 
[8.11094366 4.00790541]
sigma1 = 
[[0.98172607 2.36297836]
 [2.36297836 6.1740848 ]]
sigma2 = 
[[ 56.8004535  148.21208538]
 [148.21208538 386.77689794]]
X1 = 
[[ 4.00254449  1.66647086]
 [ 4.17983046  2.71020011]
 [ 5.10769419  3.99306624]
 [ 4.18669364  0.71213643]
 [ 5.99397853  4.66185976]
 [ 3.17127712 -2.0665664 ]
 [ 5.70709249  5.0841809 ]
 [ 1.00449599 -5.69465338]
 [ 6.0288183   5.40140737]
 [ 5.07274924  4.44637535]
 [ 4.51659802  2.34474446]
 [ 2.93046089 -1.91226259]
 [ 5.53628034  4.86832504]
 [ 4.6842355   3.47542565]
 [ 3.96521619  0.36964601]
 [ 5.44840162  4.03138493]
 [ 3.38697157 -0.86506228]
 [ 2.99488224 -1.06837418]
 [ 3.39464377 -0.14479414]
 [ 3.52784522 -1.17814478]
 [ 2.79423015 -1.63921743]
 [ 2.2795491  -3.63947464]
 [ 4.89802093  1.47309675]]
X2 = 
[[ 1.13673496e+01  1.26271536e+01]
 [ 7.63986502e+00  2.55809775e+00]
 [ 1.49018522e+01  2.19625472e+01]
 [ 9.85644202e+00  9.17803346e+00]
 [ 1.15484454e+01  1.33010332e+01]
 [ 4.51758749e+00 -5.24780579e+00]
 [ 1.11186203e+01  1.18142480e+01]
 [ 1.65513582e+01  2.61434403e+01]
 [-1.52300375e+00 -2.10382074e+01]
 [ 1.02970387e+01  9.64850436e+00]
 [ 7.17504110e+00  1.79180225e+00]
 [ 1.01343637e+01  9.76071987e+00]
 [-5.98154877e+00 -3.30799761e+01]
 [ 9.19363128e-01 -1.49152733e+01]
 [ 8.96331233e+00  6.07773124e+00]
 [ 1.74797790e+01  2.80854245e+01]
 [ 1.80097797e+01  2.97351191e+01]
 [ 2.03720952e-02 -1.72997956e+01]
 [ 1.64853186e+01  2.58507945e+01]
 [ 1.56965622e+00 -1.31486760e+01]
 [ 6.00893936e+00 -1.30200491e+00]
 [ 8.42753589e+00  4.67738129e+00]
 [ 8.88054557e+00  5.98009547e+00]]
y = 
[0 0 0 0 0 0 0 0 0 0 0 0 0 0 0 0 0 0 0 0 0 0 0 1 0 1 1 1 0 1 1 0 1 0 1 0 0
 0 1 1 0 1 0 0 0 0]