Criteria: K-means
seed = 364
Time[min] = 0.0001101851463317871
mu1 = 
[4.25236144 0.99032904]
mu2 = 
[3.87167689 6.57842084]
sigma1 = 
[[7.12204692 1.04009292]
 [1.04009292 0.15250102]]
sigma2 = 
[[61.54148511  8.99374293]
 [ 8.99374293  1.3143589 ]]
X1 = 
[[-2.8602825  -0.01660922]
 [ 6.28185114  1.3367849 ]
 [ 5.63840019  1.20874071]
 [ 3.89155917  0.94101261]
 [ 2.94098333  0.79301086]
 [ 6.21642708  1.27572328]
 [ 4.75149571  1.07219847]
 [ 5.03981077  1.08343886]
 [ 5.98387415  1.24693468]
 [ 1.77998511  0.60612922]
 [ 6.27344428  1.31972063]
 [ 8.88996104  1.67721408]
 [ 5.0190854   1.14386699]
 [ 2.61869865  0.74030556]
 [ 2.04765782  0.67759821]]
X2 = 
[[ 1.92737594  6.29455516]
 [ 3.27702875  6.49035181]
 [ 8.26725824  7.22234742]
 [ 4.09974822  6.6137411 ]
 [12.42103841  7.82636481]
 [-0.372851    5.95632668]
 [-0.12733775  5.99493133]
 [-0.55326834  5.93246677]
 [-2.38981006  5.66050713]
 [ 1.99735803  6.3042244 ]
 [ 5.80559379  6.86176841]
 [ 5.71142205  6.8498977 ]
 [-9.51371221  4.62011661]
 [ 6.62129483  6.97963328]
 [15.25894862  8.24239386]]
y = 
[1 0 0 0 1 0 0 0 0 1 0 0 0 1 1 1 1 0 0 0 1 1 1 1 1 0 0 1 0 0]