Criteria: K-means
seed = 511
Time[min] = 0.00010794798533121744
mu1 = 
[2.69362476 8.09691555]
mu2 = 
[0.90375646 3.2617369 ]
sigma1 = 
[[4.82845934 5.07219467]
 [5.07219467 5.42777454]]
sigma2 = 
[[280.5856075  299.79817687]
 [299.79817687 320.3345236 ]]
X1 = 
[[ 5.52553575 11.26765749]
 [ 6.56218186 11.86266804]
 [ 1.65556277  7.3846196 ]
 [ 8.33332577 14.15366814]
 [-1.28826704  3.25285374]
 [ 1.18616224  7.27031383]
 [ 4.53584129 10.04914112]
 [ 5.52094278 10.81619396]
 [-2.68197089  2.43736263]
 [ 1.40881514  6.60698373]
 [ 3.42736595  9.00723342]
 [ 3.66729422  9.15242239]
 [ 5.27661269 11.00860448]
 [ 1.59641676  6.71224662]
 [ 2.55273743  8.30026341]
 [ 0.03771283  5.85906715]
 [ 0.53993804  5.84214152]
 [ 7.02565155 12.67556611]
 [ 0.74781069  5.75886504]
 [ 3.0685621   8.86704924]
 [ 3.1884603   8.3476283 ]
 [ 2.88356826  7.84637233]]
X2 = 
[[ 1.35236120e+01  1.68105832e+01]
 [-3.91860138e+01 -3.96047099e+01]
 [-3.65041375e-02  2.22674761e+00]
 [ 2.54999633e+01  2.97005677e+01]
 [-9.73757249e+00 -8.12125441e+00]
 [-1.31113556e+00  8.23197687e-01]
 [-2.06649904e+01 -1.97149681e+01]
 [ 2.72672484e+01  3.14889386e+01]
 [-1.38232191e+01 -1.25299707e+01]
 [ 8.20068650e-01  3.15984052e+00]
 [ 3.41453167e+01  3.89440772e+01]
 [-2.89323992e+01 -2.87067457e+01]
 [-3.69140827e-01  1.97150577e+00]
 [ 2.33416776e+01  2.73524117e+01]
 [-6.19038513e+00 -4.40092342e+00]
 [-1.05489287e+01 -8.92290526e+00]
 [-1.78145119e+00  3.09633822e-01]
 [ 1.61232305e+01  1.95338087e+01]
 [ 2.68106816e+01  3.08515478e+01]
 [ 3.96651099e+01  4.47510751e+01]
 [ 6.18895099e-01  2.86084342e+00]
 [ 3.94639695e+01  4.45330811e+01]]
y = 
[0 0 0 0 0 0 0 0 0 0 0 0 0 0 0 0 0 0 0 0 0 0 0 0 0 1 0 0 0 1 0 0 1 0 0 1 0
 0 0 1 1 1 0 1]