Criteria: K-means
seed = 472
Time[min] = 8.726914723714193e-05
mu1 = 
[6.42340911 8.13887499]
mu2 = 
[2.46109351 2.16185925]
sigma1 = 
[[4.06727963 1.82835115]
 [1.82835115 0.83631778]]
sigma2 = 
[[49.97144276 22.72724116]
 [22.72724116 10.33714226]]
X1 = 
[[9.0356122  9.36277903]
 [4.48267095 7.01636059]
 [7.87872668 8.84235417]
 [7.34199425 8.62198929]
 [8.20329581 9.13869672]
 [7.26924801 8.53478245]
 [9.2118033  9.44582325]
 [7.18654012 8.28909339]
 [2.13691311 6.23774232]
 [7.43664672 8.49675897]
 [8.78972947 9.08475321]
 [6.83779868 8.20861967]
 [5.45304837 7.68619672]
 [5.22477959 7.59254323]
 [5.22873426 7.65924569]
 [8.04053265 8.71966807]
 [1.81185719 6.15306289]
 [7.33947674 8.585431  ]
 [6.33152936 8.09365994]]
X2 = 
[[  2.39080914   2.09858437]
 [  4.83645116   3.24665498]
 [  1.56592803   1.74813936]
 [  7.7179107    4.5532804 ]
 [ -6.65259383  -2.00190113]
 [-12.02402974  -4.39920907]
 [-14.24743159  -5.42559009]
 [  8.76751144   5.00323208]
 [  5.0361795    3.38032362]
 [  3.7717096    2.71696738]
 [  2.82271291   2.30049422]
 [ -5.758332    -1.55735319]
 [  4.15420636   2.93265325]
 [  5.91781073   3.75729767]
 [  8.17864394   4.79255894]
 [  2.910803     2.40423921]
 [ 11.17508731   6.1366571 ]
 [  2.01203993   1.98543615]
 [  3.91621334   2.8123892 ]]
y = 
[0 0 0 0 0 0 0 0 0 0 0 0 0 0 0 0 0 0 0 0 0 0 0 1 1 1 0 0 0 0 1 0 0 0 0 0 0
 0]