Criteria: K-means
seed = 273
Time[min] = 9.103218714396159e-05
mu1 = 
[0.72728569 0.64944317]
mu2 = 
[7.7128986  6.94338882]
sigma1 = 
[[4.27737291e-03 7.72105124e-02]
 [7.72105124e-02 8.67476346e+00]]
sigma2 = 
[[5.96329281e-02 6.69815957e+00]
 [6.69815957e+00 7.52521172e+02]]
X1 = 
[[ 0.66365745  0.35336646]
 [ 0.67547236 -3.80840159]
 [ 0.76821593 -1.12531466]
 [ 0.70863422  5.02432287]
 [ 0.69736587  1.55018888]
 [ 0.69577033  1.34493723]
 [ 0.90910856  2.25552234]
 [ 0.80938173 -0.46272465]]
X2 = 
[[  7.80917467  17.80777073]
 [  7.32516935 -36.08712189]
 [  7.66925613   1.62394541]
 [  7.77048478  12.75016782]
 [  7.99506585  38.42504722]
 [  7.52970746 -13.6561589 ]
 [  7.95532252  34.70775794]
 [  8.17990582  58.55607902]]
y = 
[1 1 1 1 1 1 1 1 1 1 1 1 0 1 0 0]