Criteria: K-means
seed = 199
Time[min] = 8.711814880371093e-05
mu1 = 
[6.54791695 9.82039285]
mu2 = 
[6.19477842 3.31836789]
sigma1 = 
[[7.28585992 4.78479966]
 [4.78479966 3.1836894 ]]
sigma2 = 
[[282.02683233 187.19453939]
 [187.19453939 124.25308953]]
X1 = 
[[ 3.31261156  7.62765653]
 [ 9.12695429 11.56205136]
 [ 2.38474431  6.6049456 ]
 [ 3.53242067  8.30866741]
 [ 7.21083463 10.12440772]
 [ 4.39000409  8.30989631]
 [ 6.45997794 10.02750724]
 [ 6.6603618  10.18179421]
 [ 5.42582694  9.003401  ]
 [ 9.58223857 11.63472432]
 [ 6.76095117 10.20015108]
 [ 5.28172385  9.00198667]
 [ 4.73910243  8.54713978]
 [ 7.55593171 10.43395281]
 [ 6.8049855  10.04920232]]
X2 = 
[[-22.01342676 -15.38193216]
 [ -8.99590582  -6.78218538]
 [  4.14867524   2.01178194]
 [ -6.35303561  -5.03750089]
 [ 10.39819681   6.14257201]
 [ 25.57448753  16.18570843]
 [  9.18023203   5.25733777]
 [ 35.93852944  23.0955918 ]
 [ 17.1993353   10.59456653]
 [  9.30370724   5.36263048]
 [-18.53542917 -13.10596873]
 [ 10.68510893   6.21000163]
 [ 12.04818562   7.05877637]
 [-19.68207711 -13.91023477]
 [  6.29068222   3.41848954]]
y = 
[0 0 0 0 0 0 0 0 0 0 0 0 0 0 0 1 1 0 1 0 0 0 0 0 0 1 0 0 1 0]