Criteria: K-means
seed = 455
Time[min] = 9.316603342692057e-05
mu1 = 
[4.12233536 3.57103928]
mu2 = 
[3.18748795 5.79250627]
sigma1 = 
[[0.11159688 0.50448489]
 [0.50448489 9.93514643]]
sigma2 = 
[[  2.55750392  50.1776116 ]
 [ 50.1776116  987.32585102]]
X1 = 
[[ 4.26592743  6.82196317]
 [ 4.83851237 12.22412813]
 [ 4.19188311  5.04687027]
 [ 4.12373855  3.07520797]
 [ 4.08311541  5.43485765]
 [ 4.08851369  1.47007327]
 [ 4.5381136   4.14340914]
 [ 4.30229145  3.23345555]
 [ 4.23629251 -0.89136396]
 [ 3.61725149  0.72716381]
 [ 3.90609838  4.07906527]
 [ 3.93225728  0.77946174]
 [ 4.40057075  7.9188796 ]
 [ 4.38437864  2.62712853]
 [ 4.25366656  2.54442193]
 [ 4.25890302  2.82290713]
 [ 4.18784118  2.7640223 ]
 [ 3.71592162  1.87661955]
 [ 3.9509704   9.47029837]
 [ 4.7909997   9.55200747]
 [ 3.89841549  1.70975258]
 [ 4.61545025  0.91009718]]
X2 = 
[[  4.46810865  30.30085195]
 [  6.4049735   72.68032087]
 [  4.11328778  22.98705756]
 [  4.412898    30.38670741]
 [  2.16914589 -13.27768683]
 [  4.54436121  32.05071266]
 [  2.4828838  -11.13870854]
 [  3.9577561   21.01350047]
 [  2.69970058  -3.33076755]
 [  5.03511481  42.34045885]
 [  3.61550113  13.48912698]
 [  1.7520745  -23.49817247]
 [  2.99810731   2.81426842]
 [  3.89540346  19.74193556]
 [  1.61816779 -25.03297575]
 [  3.25540308   5.81880016]
 [  1.62702035 -25.57133471]
 [  0.86490655 -39.31886256]
 [  2.06555034 -12.63801334]
 [  6.84459401  76.54643958]
 [  2.35953514  -8.68223023]
 [  4.10226308  25.70641069]]
y = 
[0 0 0 0 0 0 0 0 0 0 0 0 0 0 0 0 0 0 0 0 0 0 1 1 1 1 0 1 0 1 0 1 0 0 0 1 0
 0 0 0 0 1 0 1]