Criteria: K-means
seed = 290
Time[min] = 8.192062377929688e-05
mu1 = 
[2.73412584 2.62460988]
mu2 = 
[9.66719437 5.83926593]
sigma1 = 
[[0.55856243 0.26235438]
 [0.26235438 0.17225209]]
sigma2 = 
[[1.0002902  0.59845222]
 [0.59845222 0.36553766]]
X1 = 
[[0.77450078 1.88441562]
 [2.5373956  2.51888413]
 [3.23132101 2.74285193]
 [3.32009337 3.13940033]
 [2.47882234 2.59980715]
 [3.27844213 3.03836009]
 [3.16032621 3.01239403]
 [3.64425563 2.87597387]
 [0.71383413 1.83308161]
 [3.41285911 2.84460089]
 [3.34895469 2.85685309]
 [2.92834539 2.81989114]
 [2.52798141 2.78732879]
 [1.93851167 1.93098992]
 [2.45647624 2.26671126]
 [4.10904231 3.35058712]
 [3.01022925 2.55184096]
 [3.13882702 2.72394598]
 [3.49370034 2.85522897]
 [2.00075726 2.11417469]
 [1.73507033 1.93670241]
 [1.73892524 2.58903549]]
X2 = 
[[ 9.0220052   5.53189453]
 [10.8812239   6.52232708]
 [ 8.40272741  5.18373437]
 [ 8.29839818  4.92612624]
 [10.52140199  6.28174319]
 [ 9.77430365  5.78808295]
 [10.97456299  6.60400691]
 [ 8.34624041  4.98887798]
 [ 8.97289627  5.38901803]
 [12.32178653  7.41656925]
 [10.54116183  6.25082808]
 [ 9.38468447  5.50825097]
 [ 9.88573697  6.16644478]
 [ 8.31420693  5.01446146]
 [10.11629638  6.20738181]
 [10.57220874  6.36197445]
 [ 7.97616302  4.73823789]
 [11.30866229  6.66934087]
 [10.84190802  6.48415581]
 [ 9.17681002  5.57097189]
 [ 8.50314528  5.2264421 ]
 [ 9.76340409  5.86030553]]
y = 
[1 1 1 1 1 1 1 1 1 1 1 1 1 1 1 1 1 1 1 1 1 1 0 0 0 0 0 0 0 0 0 0 0 0 0 0 0
 0 0 0 0 0 0 0]