Criteria: K-means
seed = 264
Time[min] = 0.00010486841201782227
mu1 = 
[7.76465934 3.04218564]
mu2 = 
[5.56507839 4.92228641]
sigma1 = 
[[0.34675605 0.39886992]
 [0.39886992 0.48652742]]
sigma2 = 
[[1.71121186 2.07892206]
 [2.07892206 2.52618649]]
X1 = 
[[7.88139306 3.43822464]
 [7.85008719 3.26932823]
 [7.64532044 3.09802116]
 [7.65724305 2.91268765]
 [7.98792094 3.2446605 ]
 [6.74840971 1.85870496]
 [6.93104629 2.14287961]
 [7.58334784 2.58532208]
 [6.79616462 1.89237122]
 [8.84286322 4.46822304]
 [8.39195945 3.46246304]
 [8.06252585 3.63897993]
 [8.65680752 4.03169998]
 [7.2441136  2.86249583]
 [9.05323007 4.30490586]
 [7.8103588  2.99450273]
 [8.0801792  3.27447294]
 [8.51751598 4.17518006]
 [7.52663229 2.67930256]
 [7.7325103  3.35212843]]
X2 = 
[[5.57898246 4.92462144]
 [4.13614321 3.18225432]
 [5.13430624 4.35326196]
 [6.06478925 5.54482411]
 [5.61447595 4.97163594]
 [5.81016252 5.20728167]
 [2.65566097 1.40712374]
 [4.46431266 3.60448481]
 [5.68834713 5.08620725]
 [6.79129574 6.43148897]
 [6.63968143 6.21799195]
 [5.3584265  4.67486469]
 [4.14221096 3.17643181]
 [4.09379009 3.16111476]
 [6.32247882 5.8420331 ]
 [6.6119028  6.18846215]
 [4.44755531 3.57521601]
 [6.22881125 5.71931021]
 [7.46214534 7.21970501]
 [6.45894804 6.03825595]]
y = 
[0 0 0 0 0 0 0 0 0 0 0 0 0 0 0 0 0 0 0 0 1 1 1 1 1 1 1 1 1 1 1 1 1 1 1 1 1
 1 1 1]