Criteria: K-means
seed = 92
Time[min] = 8.722941080729167e-05
mu1 = 
[8.85880499 7.88581567]
mu2 = 
[3.53321693 4.86749046]
sigma1 = 
[[2.47355537 4.10103223]
 [4.10103223 7.3336453 ]]
sigma2 = 
[[174.30312956 310.89928762]
 [310.89928762 554.6419994 ]]
X1 = 
[[ 7.75266542  5.56125056]
 [11.72906008 12.59280038]
 [ 6.99793679  4.30774037]
 [ 7.93970557  6.81928833]
 [ 8.1086857   6.80964895]
 [ 9.60789322  8.26834242]
 [10.25412319 10.09210893]]
X2 = 
[[ 18.72176672  31.81803018]
 [  9.3364722   15.31016507]
 [ -2.47154136  -5.22070493]
 [-27.61276036 -50.53212947]
 [  7.37325824  11.76585762]
 [ 34.18530822  58.92598998]
 [  9.32970693  15.55956229]]
y = 
[0 0 0 0 0 0 0 0 0 0 1 0 0 0]