Criteria: K-means
seed = 222
Time[min] = 8.480151494344076e-05
mu1 = 
[5.26028426 6.85317185]
mu2 = 
[7.60569419 2.24304617]
sigma1 = 
[[4.97244149 1.20873343]
 [1.20873343 0.32593126]]
sigma2 = 
[[39.33553944  9.9499963 ]
 [ 9.9499963   2.52334834]]
X1 = 
[[5.01464249 6.76400194]
 [3.22080005 6.36228443]
 [8.53528643 7.54660263]
 [1.82165534 5.92891468]
 [5.82767676 6.69790719]
 [6.68745367 7.06824636]]
X2 = 
[[ 0.65816511  0.44321979]
 [ 4.88195216  1.58592522]
 [ 7.31202957  2.23513538]
 [13.23320253  3.7049064 ]
 [-0.54937621  0.13541316]
 [ 6.07855743  1.86676229]]
y = 
[1 1 1 0 1 1 0 0 1 1 0 0]