Criteria: K-means
seed = 274
Time[min] = 9.202957153320312e-05
mu1 = 
[2.82495408 6.00750412]
mu2 = 
[9.56290661 1.25300995]
sigma1 = 
[[0.11438893 0.10900937]
 [0.10900937 0.28774413]]
sigma2 = 
[[0.13191526 0.32613753]
 [0.32613753 0.83984986]]
X1 = 
[[3.39838319 6.81218651]
 [2.837693   5.85635228]
 [2.89267113 5.92505431]
 [3.14260744 6.16504704]
 [2.8186018  6.24802064]
 [3.2928024  6.60338764]]
X2 = 
[[9.60271294 1.29462637]
 [9.86620182 1.70717191]
 [9.55048971 1.47433405]
 [9.62850779 1.43118064]
 [9.69367084 1.5196362 ]
 [9.28598409 0.62591652]]
y = 
[1 1 1 1 1 1 0 0 0 0 0 0]