Criteria: K-means
seed = 347
Time[min] = 8.551677068074544e-05
mu1 = 
[2.6646213  2.87680825]
mu2 = 
[5.5860247  0.69000059]
sigma1 = 
[[6.49654009 6.41860953]
 [6.41860953 6.38829588]]
sigma2 = 
[[454.19051565 451.73852187]
 [451.73852187 449.30179043]]
X1 = 
[[1.75297722 2.04667834]
 [2.11416184 1.94812137]
 [3.16839542 3.30452593]
 [0.68943861 1.09040165]
 [2.96592099 3.0720971 ]
 [1.84855741 2.18386172]
 [4.77764063 4.82810028]]
X2 = 
[[-31.44454411 -36.14240639]
 [-10.78567087 -15.60085736]
 [ 18.10924521  13.0954925 ]
 [ -3.84375211  -8.68274555]
 [-10.49479303 -15.31569736]
 [ 10.95449199   6.02717079]
 [ 24.02743038  19.00942854]]
y = 
[1 1 1 1 1 1 1 0 0 1 0 0 1 1]