Criteria: K-means
seed = 326
Time[min] = 0.00010451475779215495
mu1 = 
[5.19521868 8.53195769]
mu2 = 
[2.4217899  4.35366714]
sigma1 = 
[[0.26541224 0.68793438]
 [0.68793438 4.7492185 ]]
sigma2 = 
[[  4.8029808   32.85409319]
 [ 32.85409319 226.02401776]]
X1 = 
[[ 5.13615648  8.07992367]
 [ 4.86254188  5.12727955]
 [ 4.90989098  9.65024296]
 [ 5.09330782  9.65322994]
 [ 5.10094473  9.39481509]
 [ 5.85076328 11.33943855]
 [ 4.40654272  3.30865666]
 [ 4.17907552  5.89064643]
 [ 4.42097077  6.47539762]
 [ 5.55163972  9.53589764]
 [ 5.25708062  9.17779222]
 [ 5.05640778  8.63484754]
 [ 4.68583487  9.05151654]
 [ 5.43833697 13.37576872]]
X2 = 
[[  5.55949979  27.56826739]
 [  1.15325262  -2.64829676]
 [  2.31840984   3.59411188]
 [  0.26351508 -11.87115884]
 [  2.56764908   3.24616341]
 [  1.43289266  -1.11423468]
 [  3.25600226   9.19140293]
 [  5.56150602  25.93381056]
 [  2.23412531   2.41490482]
 [  4.53908441  20.40017704]
 [  1.52340574  -2.59791979]
 [  0.83734599  -5.67195899]
 [  1.09928141  -3.71484449]
 [  0.71493066  -6.17145725]]
y = 
[0 0 0 0 0 0 1 0 0 0 0 0 0 0 0 1 1 1 1 1 0 0 1 0 1 1 1 1]