Criteria: K-means
seed = 313
Time[min] = 0.00010455052057902018
mu1 = 
[1.65539624 5.50104366]
mu2 = 
[8.69587486 1.72400475]
sigma1 = 
[[4.55952113 4.28032738]
 [4.28032738 4.04099887]]
sigma2 = 
[[204.00125792 192.48422418]
 [192.48422418 181.61792097]]
X1 = 
[[ 5.10601074  8.86296012]
 [ 3.16440061  6.92844978]
 [ 0.49881592  4.63197151]
 [ 6.46883334  9.90917643]
 [ 3.57072864  7.21855143]
 [ 4.52012858  8.29026974]
 [ 6.85655217 10.49677697]
 [ 3.51111265  7.57647199]
 [-0.17341156  3.84584737]
 [ 1.9779685   5.83949533]
 [ 3.53614201  6.96556788]
 [ 6.67127252 10.20894229]
 [ 0.9258755   4.79330966]]
X2 = 
[[ 21.16843808  13.47592494]
 [ 16.43694531   9.04659076]
 [ 36.17101352  27.65395679]
 [  5.96142226  -0.82293539]
 [  1.09471401  -5.46179347]
 [  4.85701243  -1.90664708]
 [  3.53276777  -3.11070475]
 [ 16.10630581   8.71455089]
 [  6.92882194   0.08912405]
 [ 11.7231495    4.56148259]
 [ 13.1986345    5.97113459]
 [ -7.54444802 -13.59116659]
 [ 27.69223781  19.68653742]]
y = 
[0 0 0 0 0 0 0 0 0 0 0 0 0 1 0 1 0 0 0 0 0 0 0 0 0 1]