Criteria: K-means
seed = 325
Time[min] = 0.00012526909510294595
mu1 = 
[9.2773461  9.81048546]
mu2 = 
[7.99761048 7.90384443]
sigma1 = 
[[4.85468766 5.49313831]
 [5.49313831 6.257     ]]
sigma2 = 
[[325.3136775  370.37313485]
 [370.37313485 421.67505817]]
X1 = 
[[11.06798129 12.14379776]
 [ 8.86759565  9.56577255]
 [ 7.47851252  7.79741364]
 [ 6.96850966  7.51922761]
 [ 7.216945    7.47590326]
 [ 7.31710984  7.63766262]
 [ 5.63896571  5.88533763]
 [ 6.76969705  6.94350516]
 [ 9.84858567 10.70779867]
 [ 9.52103015 10.17992641]
 [ 6.82038264  7.32464303]
 [ 7.88010888  8.18887234]]
X2 = 
[[  4.53674613   3.96106688]
 [  9.70288079   9.78903373]
 [ 11.40394898  11.81227419]
 [ 47.09480945  52.43753351]
 [ 39.46110383  43.7683934 ]
 [ 33.22029224  36.65429865]
 [ -8.06489434 -10.38268351]
 [-35.76317538 -41.97742039]
 [-10.84630677 -13.54926683]
 [ -6.74124847  -8.8559783 ]
 [ 15.18929162  16.12537476]
 [ 27.78448321  30.39095294]]
y = 
[1 1 1 1 1 1 1 1 1 1 1 1 1 1 1 0 0 0 1 1 1 1 1 0]