Criteria: K-means
seed = 274
Time[min] = 8.41538111368815e-05
mu1 = 
[2.82495408 6.00750412]
mu2 = 
[9.56290661 1.25300995]
sigma1 = 
[[0.11438893 0.10900937]
 [0.10900937 0.28774413]]
sigma2 = 
[[0.13191526 0.32613753]
 [0.32613753 0.83984986]]
X1 = 
[[3.39838319 6.81218651]
 [2.837693   5.85635228]
 [2.89267113 5.92505431]
 [3.14260744 6.16504704]
 [2.8186018  6.24802064]
 [3.2928024  6.60338764]
 [2.91132795 6.00090056]
 [3.35091205 6.10504294]
 [2.57212818 6.26229253]
 [2.86165178 6.1148244 ]
 [2.98344735 6.1259422 ]
 [2.54951689 5.68932177]
 [2.59490398 5.95143915]
 [3.3607314  6.38702017]
 [2.9462015  6.14953149]
 [2.6623325  5.89181265]
 [2.8718583  6.12620028]
 [2.75059368 6.14453717]
 [2.84553877 5.16201869]
 [3.34454699 6.55763069]
 [2.7630882  5.59658013]]
X2 = 
[[ 9.25372395  0.37441005]
 [10.0522713   2.52665591]
 [ 9.9453947   2.07950158]
 [ 9.08032183  0.044087  ]
 [ 9.86441209  2.09084752]
 [ 9.9431698   2.26465627]
 [ 9.67818922  1.39026798]
 [10.37339377  2.81635201]
 [ 9.56094762  1.07696125]
 [ 9.63032992  1.30710126]
 [ 9.82948682  2.35076784]
 [ 9.85269059  2.03479287]
 [ 9.35234792  0.62603088]
 [ 9.44272945  0.8290071 ]
 [ 8.67683057 -0.94925461]
 [ 9.13177383  0.32214072]
 [ 9.14075814  0.2033739 ]
 [10.00187188  2.03215959]
 [ 9.62305429  1.47510036]
 [ 9.38397311  0.87601943]
 [ 9.47665951  1.06247708]]
y = 
[1 1 1 1 1 1 1 1 1 1 1 1 1 1 1 1 1 1 1 1 1 0 0 0 0 0 0 0 0 0 0 0 0 0 0 0 0
 0 0 0 0 0]