Criteria: K-means
seed = 287
Time[min] = 9.626944859822592e-05
mu1 = 
[1.44485231 7.1075312 ]
mu2 = 
[9.5515133  0.33357888]
sigma1 = 
[[6.71557363 0.33369245]
 [0.33369245 0.05230729]]
sigma2 = 
[[46.2124357   2.41548171]
 [ 2.41548171  0.13871117]]
X1 = 
[[ 0.57389217  6.91879196]
 [ 7.37881984  7.16710695]
 [-0.40801522  7.12955537]
 [-0.07049001  6.89102402]
 [-0.30573622  6.62126377]
 [ 0.74351665  7.21400105]
 [-3.15181445  7.17970705]]
X2 = 
[[ 8.90695566  0.14900479]
 [ 9.43799768  0.3963634 ]
 [ 9.733823    0.13040376]
 [18.15275239  0.70237008]
 [-0.42060302 -0.39724813]
 [ 4.91711888 -0.13469301]
 [14.46434005  0.62063715]]
y = 
[0 1 0 0 0 0 0 1 1 1 1 0 1 1]