Criteria: K-means
seed = 95
Time[min] = 9.493430455525716e-05
mu1 = 
[2.28803488 1.90688019]
mu2 = 
[7.24237676 4.82086991]
sigma1 = 
[[5.9541779  6.72320317]
 [6.72320317 7.84371472]]
sigma2 = 
[[487.46684253 567.38002409]
 [567.38002409 660.44006696]]
X1 = 
[[-5.81109944 -7.99286967]
 [ 1.83998127  1.35943439]
 [ 4.09813795  3.23551582]
 [ 2.96096453  3.25322088]
 [ 2.22679891  1.04992381]
 [ 3.05289266  2.72356155]
 [ 0.10860649 -0.91944364]]
X2 = 
[[ 25.92375615  26.41627457]
 [  1.87739888  -1.43032711]
 [ -8.44495281 -13.49562916]
 [ 38.81913103  41.2956937 ]
 [ 10.67263532   8.81049954]
 [ 22.2792172   22.35202369]
 [ 16.89177254  15.87501055]]
y = 
[0 0 0 0 0 0 0 1 0 0 1 0 1 1]