Criteria: K-means
seed = 524
Time[min] = 9.520053863525391e-05
mu1 = 
[6.18686912 3.92587068]
mu2 = 
[4.41622385 6.96113446]
sigma1 = 
[[8.31306583 5.19820363]
 [5.19820363 3.45052618]]
sigma2 = 
[[339.32027369 222.57838613]
 [222.57838613 146.08263   ]]
X1 = 
[[10.73267639  7.08734929]
 [ 6.49711983  4.14148004]
 [ 6.62267589  4.83057647]
 [ 7.11760502  3.85532037]
 [ 8.99972786  5.30397106]
 [ 5.5003289   3.55192728]
 [ 6.960571    4.42679475]
 [ 5.91348548  3.43445682]
 [ 5.67708729  3.27389656]
 [11.6985206   7.80720116]
 [ 6.8197004   4.80076446]
 [ 6.24296571  4.06926689]
 [ 9.98023728  5.46440912]
 [ 4.50528421  2.91317963]
 [ 8.26668331  5.12378756]
 [ 2.56668455  1.69453161]
 [ 3.87656987  3.40898506]
 [ 5.86829703  3.87182067]
 [ 8.09606267  4.83403971]
 [ 5.0289739   3.83074726]
 [ 3.87485524  2.95722443]
 [ 8.608282    6.55009311]
 [ 2.83619163  2.68731064]]
X2 = 
[[ 45.01566607  33.51910629]
 [ -3.93447992   1.29053535]
 [  8.06443551   8.997954  ]
 [-35.19702055 -19.32764201]
 [-22.56194676 -10.90744474]
 [ 28.27548919  22.23591843]
 [ 11.88352919  11.58231431]
 [  5.30715102   7.29727811]
 [ 15.00386978  13.8996834 ]
 [-16.61451741  -6.80193066]
 [ 15.65649268  14.46153888]
 [-17.31398119  -7.15746319]
 [ 18.85696015  16.7296183 ]
 [  8.13178351   9.25829672]
 [  5.7471555    8.37200756]
 [-33.73046114 -18.3115227 ]
 [ 31.55215465  24.86960761]
 [ 10.96007494  11.07981686]
 [ 25.34112775  20.72715371]
 [  6.88511125   8.47338651]
 [-10.51425151  -2.97060427]
 [-20.56505604  -9.31244004]
 [ 30.42699089  23.85161861]]
y = 
[0 0 0 0 0 0 0 0 0 0 0 0 0 0 0 0 0 0 0 0 0 0 0 0 0 0 1 1 0 0 0 0 1 0 1 0 0
 0 1 0 0 0 0 1 1 0]