Criteria: K-means
seed = 173
Time[min] = 9.50018564860026e-05
mu1 = 
[0.9325748  7.09215033]
mu2 = 
[4.16697658 6.72828749]
sigma1 = 
[[3.6685152  4.78153276]
 [4.78153276 6.23819964]]
sigma2 = 
[[242.08855916 315.82268525]
 [315.82268525 412.01440353]]
X1 = 
[[-1.62279482  3.72986759]
 [-1.34228575  4.2195683 ]
 [-0.82915405  4.81480721]
 [ 3.40939194 10.41916438]
 [ 0.73801129  6.97561407]
 [-1.27177301  4.22175184]
 [ 0.88255166  7.05537721]
 [-0.05097897  5.78591137]
 [ 0.47402967  6.49189454]
 [ 1.48866988  7.75027827]
 [-0.39796575  5.13575337]
 [ 1.71742122  8.23004246]
 [-0.59212464  5.05374119]]
X2 = 
[[ 28.48162659  38.45447717]
 [-10.16200016 -11.96905472]
 [  6.272669     9.47451578]
 [-23.3644548  -29.19261808]
 [ -3.78455784  -3.64244798]
 [ -8.04990315  -9.20486057]
 [-13.77297256 -16.68163961]
 [ -4.14460589  -4.11634212]
 [ -4.50411179  -4.59092245]
 [ 12.4921129   17.59302367]
 [ 18.67069837  25.64684367]
 [  8.94564093  12.96111018]
 [  3.4165909    5.7542787 ]]
y = 
[0 0 0 0 0 0 0 0 0 0 0 0 0 0 1 0 1 1 1 1 1 1 0 0 0 0]