Criteria: K-means
seed = 365
Time[min] = 9.444952011108398e-05
mu1 = 
[9.41455743 6.41602705]
mu2 = 
[7.66625774 3.05012427]
sigma1 = 
[[3.93274455 2.53867665]
 [2.53867665 1.65057528]]
sigma2 = 
[[79.9152711  51.88673593]
 [51.88673593 33.68886658]]
X1 = 
[[ 8.16680771  5.57141414]
 [ 9.41519927  6.43365079]
 [11.34450576  7.6192836 ]
 [ 8.9155291   6.13104803]
 [ 9.45751084  6.60895942]
 [12.11621622  8.17944225]
 [ 9.77366976  6.61781795]
 [11.24836016  7.52590911]
 [ 9.01971838  6.12507878]
 [ 7.1338439   4.87180395]
 [11.9898343   8.08618965]
 [ 7.72857292  5.400893  ]
 [ 8.14227439  5.68488053]]
X2 = 
[[ 4.52140751  0.99134815]
 [13.99526675  7.15408484]
 [25.28871411 14.5170253 ]
 [10.15719648  4.65690758]
 [14.98223391  7.80110132]
 [15.29756287  8.01777351]
 [-3.58487729 -4.24891636]
 [ 2.66611709 -0.18933322]
 [11.08395487  5.23998817]
 [ 2.20147532 -0.50303497]
 [16.28314916  8.67257431]
 [21.29079109 11.8864235 ]
 [13.24308814  6.67635284]]
y = 
[1 1 1 1 1 1 1 1 1 1 1 1 1 0 1 1 1 1 1 0 0 1 0 1 1 1]