Criteria: K-means
seed = 438
Time[min] = 0.00010321537653605144
mu1 = 
[1.65611082 9.83575367]
mu2 = 
[4.53697578 6.12169377]
sigma1 = 
[[1.10547506 1.50969489]
 [1.50969489 3.56186959]]
sigma2 = 
[[ 24.01386158  55.44229305]
 [ 55.44229305 129.14832833]]
X1 = 
[[ 0.89152605  8.80805142]
 [ 0.58015829  7.02450446]
 [ 2.29469294 10.77301295]
 [ 1.54413835 10.07133993]
 [ 1.79783257  8.67263942]
 [ 2.00256055 11.26050249]
 [-0.2189972   6.43686419]
 [ 1.13971355 10.39673448]
 [ 0.83451815  9.22526269]
 [ 0.81606395  8.99158259]
 [ 3.95208542 13.72358504]
 [ 1.52304448  9.49795361]
 [ 1.33771404  8.43681571]
 [ 0.89877739  8.75570205]]
X2 = 
[[  3.93400878   3.32916516]
 [ -4.07588243 -15.40786705]
 [  6.37061602  10.88838513]
 [  5.08797047   6.37251618]
 [ 12.65399678  25.01771881]
 [  8.49036176  15.11952668]
 [ -0.78545597  -6.56667515]
 [  2.09072008   0.61799374]
 [  1.83775506   1.45280143]
 [  1.71077073  -2.12841128]
 [  5.41742201   6.26723434]
 [  3.74850234   4.53618905]
 [  0.84108274  -2.49450646]
 [ 11.84241675  21.68821491]]
y = 
[1 1 1 1 1 1 1 1 1 1 1 1 1 1 1 0 1 1 1 1 0 0 0 0 1 1 0 1]