Criteria: K-means
seed = 312
Time[min] = 0.00013403097788492838
mu1 = 
[2.16726879 4.1872202 ]
mu2 = 
[4.36104759 6.84504864]
sigma1 = 
[[0.46157666 1.4157082 ]
 [1.4157082  4.60261932]]
sigma2 = 
[[ 20.25535003  65.81311695]
 [ 65.81311695 213.84527609]]
X1 = 
[[1.59333636 2.18760996]
 [1.90033609 2.45545904]
 [1.1225762  1.17339396]
 [2.08095655 3.60199175]
 [1.88154718 2.72497142]
 [1.93996619 2.60951284]
 [2.54238052 5.32605919]
 [3.05203256 6.82462177]
 [2.44721525 5.01937152]
 [1.08227621 0.63217683]
 [1.85663222 3.28415403]]
X2 = 
[[ -1.95139654 -13.69239554]
 [  5.58971804  10.88101509]
 [ 13.67988467  36.94034194]
 [ -0.75385054  -9.79245504]
 [ -4.28207667 -21.34352897]
 [  1.10499072  -3.76066963]
 [  1.39427451  -2.8432192 ]
 [  9.15403133  22.32874565]
 [  4.20460096   6.27207512]
 [ -1.83378803 -13.2960117 ]
 [  5.05077803   8.8978483 ]]
y = 
[0 0 0 0 0 0 0 0 0 0 0 0 0 1 0 0 0 0 1 0 0 0]