Criteria: K-means
seed = 277
Time[min] = 8.320013682047525e-05
mu1 = 
[4.8450549  3.26992527]
mu2 = 
[8.01367769 6.72301794]
sigma1 = 
[[4.28086909 4.59886242]
 [4.59886242 4.9594921 ]]
sigma2 = 
[[229.82119585 247.76734625]
 [247.76734625 267.11515404]]
X1 = 
[[ 6.30879617  4.76034641]
 [ 6.65688206  4.97871079]
 [ 5.41560323  4.26692316]
 [ 4.7702418   3.05137751]
 [ 4.12552848  2.51753662]
 [ 3.92049413  2.41489246]
 [ 4.260019    2.73009543]
 [ 6.56965044  4.97668084]
 [ 2.57141165  0.85537558]
 [ 5.9392404   4.20459256]
 [-0.44350629 -2.19275251]
 [ 3.14701845  1.17352896]
 [ 2.39774671  0.75362359]
 [ 3.33183947  1.66712996]
 [ 8.15423561  6.72172337]
 [ 3.31564071  1.48649363]
 [ 7.82030796  6.5755772 ]
 [ 4.51744313  2.86466131]
 [ 4.9905271   3.42804444]
 [ 0.87007618 -0.99883163]
 [ 5.15164349  3.76052473]]
X2 = 
[[  3.65548815   2.03113052]
 [ 11.16725826  10.14334814]
 [ 15.75219836  15.05813513]
 [ 47.43021967  49.21468905]
 [  1.98508327   0.21004927]
 [  0.14435997  -1.73830595]
 [  8.56604523   7.32203619]
 [ 14.28996893  13.47580649]
 [  6.80671586   5.42956279]
 [ 18.85904031  18.41898142]
 [ -5.06950251  -7.37127105]
 [ 14.1240495   13.30790704]
 [ 10.24595734   9.14654301]
 [ 20.7938339   20.50551203]
 [ 25.09972861  25.16727865]
 [ 11.52347485  10.49614135]
 [-38.05980234 -42.93684199]
 [ 14.17190632  13.3689169 ]
 [ 13.7426371   12.92338787]
 [ 10.34495905   9.24596997]
 [  2.84667831   1.16335942]]
y = 
[1 1 1 1 1 1 1 1 1 1 1 1 1 1 1 1 1 1 1 1 1 1 1 1 1 1 1 1 1 1 1 1 1 1 1 1 1
 0 1 1 1 1]