Criteria: K-means
seed = 260
Time[min] = 8.611281712849935e-05
mu1 = 
[0.96611739 2.17579343]
mu2 = 
[4.107294   8.44726317]
sigma1 = 
[[6.14834001 1.49403448]
 [1.49403448 0.69670277]]
sigma2 = 
[[60.12347511 19.59481149]
 [19.59481149  7.08608647]]
X1 = 
[[-0.12065332  2.42899487]
 [ 2.9318485   2.63587803]
 [-0.58205651  2.38457713]
 [ 3.46605828  2.50624305]
 [ 1.00997266  2.18815449]
 [ 5.78344171  3.56520835]
 [ 0.64560324  2.56043151]]
X2 = 
[[  2.92657402   7.95919291]
 [  4.60290932   8.61592744]
 [-17.20886975   1.44616411]
 [ 15.69259233  11.67100672]
 [  1.30248331   7.62836078]
 [  2.75067972   8.58836028]
 [  6.47734723   9.22942346]]
y = 
[1 1 1 1 1 1 1 1 1 0 1 1 1 1]