Criteria: K-means
seed = 183
Time[min] = 0.00010248422622680665
mu1 = 
[8.23353363 8.92622324]
mu2 = 
[2.24760718 6.72066914]
sigma1 = 
[[2.89018531 2.87513967]
 [2.87513967 3.59807715]]
sigma2 = 
[[ 91.01745226 111.75942998]
 [111.75942998 137.72802015]]
X1 = 
[[10.56229586 10.88782079]
 [ 8.22444661  9.24717568]
 [ 7.09143844  7.32633464]
 [ 7.54418742  9.06617656]
 [11.1023934  13.4656015 ]
 [ 9.17758701 10.87374498]
 [10.39507447 10.39003874]
 [ 9.61715586  9.19751779]
 [ 5.30044005  5.74254903]
 [ 6.77886061  7.39724524]
 [ 7.38835461  8.6024301 ]
 [ 6.22070218  8.15749553]
 [ 7.59325772  8.11125405]
 [ 8.81146074  9.13051996]]
X2 = 
[[-1.61822399  1.9429153 ]
 [-4.00356807 -0.88270991]
 [13.01720733 19.71677378]
 [-9.31431833 -6.73322867]
 [13.3883222  21.04709915]
 [ 4.20939303  8.81339936]
 [-1.76385445  1.15896125]
 [ 0.8991801   5.98769206]
 [ 0.75910184  6.05535425]
 [-9.4831249  -6.96232968]
 [ 7.08938909 13.1313615 ]
 [ 7.79034396 14.40283885]
 [17.97703354 26.47787512]
 [-1.73349353  1.52592379]]
y = 
[1 1 1 1 1 1 1 1 1 1 1 1 1 1 0 0 1 0 1 1 0 0 0 0 1 1 1 0]