Criteria: K-means
seed = 399
Time[min] = 9.264945983886719e-05
mu1 = 
[3.7505807  6.73825907]
mu2 = 
[9.94256798 7.84798241]
sigma1 = 
[[0.12203627 0.93808902]
 [0.93808902 7.39654811]]
sigma2 = 
[[  8.81500293  69.50068654]
 [ 69.50068654 547.96925111]]
X1 = 
[[3.78880172 7.4635442 ]
 [3.5994483  5.68554569]
 [3.47493231 4.13047493]
 [3.47496718 5.03619342]
 [3.5557205  5.15284763]
 [3.60643349 5.38547358]
 [3.44917131 5.3502622 ]
 [3.53014478 4.49664217]
 [3.21735279 3.13173652]
 [3.83809851 7.96170327]
 [4.01068494 9.4925826 ]]
X2 = 
[[ 11.05916699  16.5875054 ]
 [ 12.01371969  24.18136838]
 [ -2.84008213 -92.94313202]
 [ 14.48985355  43.70788684]
 [  9.11830222   1.34475132]
 [ 11.87523512  23.10499703]
 [  3.76554161 -40.85323526]
 [  9.12990557   1.41062679]
 [  8.36753155  -4.58662621]
 [ 12.09671714  24.88464161]
 [  7.68555739 -10.00418934]]
y = 
[1 1 1 1 1 1 1 1 1 1 1 1 1 0 1 1 1 0 1 1 1 1]