Criteria: K-means
seed = 464
Time[min] = 8.826653162638346e-05
mu1 = 
[7.08332351 3.47455737]
mu2 = 
[1.93736395 5.59673518]
sigma1 = 
[[0.44005613 0.2209086 ]
 [0.2209086  0.4626854 ]]
sigma2 = 
[[0.68165548 1.11932401]
 [1.11932401 2.18957839]]
X1 = 
[[7.14932184 2.61121053]
 [7.56203884 2.70192458]
 [7.21339642 5.00650225]
 [7.87804842 3.39391689]
 [6.51422215 3.10303221]
 [6.46196886 2.95103832]
 [7.31631335 3.50717508]
 [6.48947945 2.84851216]
 [8.20640824 3.36647087]
 [6.00461042 4.43762227]
 [6.88428321 3.92528174]
 [6.70342514 3.16809377]
 [6.46822169 4.02044396]
 [6.8154719  3.41341641]
 [7.02719878 2.96324644]
 [6.05326821 3.20048195]]
X2 = 
[[3.56492697 7.23736871]
 [0.97413411 3.50319588]
 [2.65287829 6.94180825]
 [1.50918755 5.17256148]
 [0.59372184 3.83244621]
 [2.77634552 6.53745854]
 [1.40346112 4.28353405]
 [2.41389206 6.81864873]
 [2.63293297 7.75776507]
 [1.85442296 5.79039389]
 [2.08915208 6.37668316]
 [2.70190962 6.60400628]
 [2.48850408 5.72323667]
 [1.56197198 4.68906244]
 [2.41616271 6.54280956]
 [2.96348061 6.82223903]]
y = 
[1 1 1 1 1 1 1 1 1 1 1 1 1 1 1 1 0 0 0 0 0 0 0 0 0 0 0 0 0 0 0 0]