Criteria: K-means
seed = 238
Time[min] = 9.981393814086914e-05
mu1 = 
[0.65338503 2.65268967]
mu2 = 
[0.62651583 0.5713742 ]
sigma1 = 
[[ 9.46966419  9.80023937]
 [ 9.80023937 10.1870866 ]]
sigma2 = 
[[1050.12145622 1091.16384747]
 [1091.16384747 1133.81202652]]
X1 = 
[[-0.07495439  1.83581594]
 [-1.23692298  0.79961459]
 [-0.41371889  1.69500954]
 [ 3.15760226  5.14655915]
 [ 2.17713237  3.92392964]
 [-0.85223244  1.1347998 ]
 [ 1.91039201  3.97958209]
 [ 3.42606035  5.57822893]
 [-4.49124319 -2.38213475]
 [-3.88837324 -2.02513398]
 [-3.84648322 -2.07590958]
 [ 4.94927963  7.08453382]
 [-0.5179603   1.38798567]
 [ 0.65853237  2.18027274]
 [-0.32959306  1.43310454]
 [ 0.17202031  2.0578626 ]
 [ 7.44452282  9.46904559]
 [ 2.66496327  4.49837085]]
X2 = 
[[ -2.05618077  -2.21004057]
 [ -5.36173278  -5.68808778]
 [ 59.46261262  61.70835361]
 [-36.30329272 -37.79923905]
 [ 32.20837211  33.42999461]
 [-14.03955004 -14.61723733]
 [ 26.23672502  27.1800896 ]
 [ -5.62584878  -5.92309202]
 [ -8.25130027  -8.53835777]
 [-30.84782225 -32.11684806]
 [ -5.21883812  -5.55229983]
 [-37.31693094 -38.83061516]
 [-72.32207264 -75.27378558]
 [ 23.46108451  24.32546899]
 [ 72.85020967  75.6226298 ]
 [  8.50533457   8.80127738]
 [-20.29203029 -21.14740475]
 [ 35.77569396  37.08928676]]
y = 
[0 0 0 0 0 0 0 0 0 0 0 0 0 0 0 0 0 0 0 0 1 0 1 0 1 0 0 0 0 0 0 1 1 0 0 1]