Criteria: K-means
seed = 404
Time[min] = 0.00010676383972167969
mu1 = 
[6.68825086 3.50711315]
mu2 = 
[4.72162053 0.06247251]
sigma1 = 
[[1.57067417 2.59893858]
 [2.59893858 8.4280007 ]]
sigma2 = 
[[ 70.0118346  223.12064716]
 [223.12064716 717.06643993]]
X1 = 
[[ 6.04222729 -0.59997294]
 [ 4.36322322  0.95530447]
 [ 4.92115112  1.04612856]
 [ 5.82979776  2.5264229 ]
 [ 8.76667834  7.1627842 ]
 [ 6.77490558  4.60629229]
 [ 7.07359587  6.61524254]
 [ 6.51487678  3.46782719]
 [ 7.43852864  4.85543325]
 [ 6.19384376  2.10522416]
 [ 7.30534073  3.87830537]
 [ 6.3815405   1.86901426]
 [ 6.55066957  3.90944686]
 [ 5.18245017 -1.66454551]
 [ 4.98256815  1.26835316]
 [ 7.23751187  4.75349475]
 [ 4.23429871 -0.91025629]
 [ 6.66439836  4.81539808]
 [ 5.47745079 -1.32675403]
 [ 8.11941649  4.37877897]]
X2 = 
[[-1.20042874e+01 -5.30722624e+01]
 [ 1.27230135e+01  2.57665486e+01]
 [ 9.05045534e+00  1.19184957e+01]
 [ 1.29611983e+01  2.87500374e+01]
 [-4.33204261e+00 -2.35939639e+01]
 [ 1.03439030e+01  1.97620698e+01]
 [ 4.96678846e+00  1.18930967e+00]
 [ 2.53304947e+00 -7.42260907e+00]
 [ 1.59812384e+01  3.66990726e+01]
 [ 1.84001571e+01  4.44164113e+01]
 [ 7.70763144e+00  1.57259453e+01]
 [ 1.05396812e+01  1.56660389e+01]
 [ 9.39864280e+00  1.50644193e+01]
 [ 1.41361072e+01  3.04270806e+01]
 [ 2.37313465e+01  6.59974375e+01]
 [-3.26465608e-01 -2.03984370e+01]
 [-1.09078913e+01 -5.19313561e+01]
 [-2.06799764e+00 -2.02717915e+01]
 [ 4.21322685e-02 -9.71854610e+00]
 [-1.62646199e+01 -6.76428337e+01]]
y = 
[0 0 0 0 0 0 0 0 0 0 0 0 0 0 0 0 0 0 0 0 1 0 0 0 1 0 0 0 0 0 0 0 0 0 0 1 1
 1 0 1]