Criteria: K-means
seed = 147
Time[min] = 8.205175399780273e-05
mu1 = 
[3.66695569 6.32981367]
mu2 = 
[3.86083022 0.74265891]
sigma1 = 
[[4.77930355 6.53651194]
 [6.53651194 9.74213269]]
sigma2 = 
[[450.10162612 668.03564143]
 [668.03564143 991.81748186]]
X1 = 
[[3.77750281 6.26761322]
 [2.91585444 4.68218486]
 [5.72733466 8.79567216]
 [5.41857328 7.87236292]
 [2.51551525 4.63954199]
 [3.98602107 7.26161108]
 [4.97256203 6.90439641]
 [3.07861712 7.4116776 ]
 [4.72472162 6.98220366]
 [4.68011229 8.01214719]
 [1.43285221 3.09224278]]
X2 = 
[[ -3.9731719  -12.41186163]
 [  7.24696527   5.35857746]
 [  3.5649999    0.66271196]
 [-18.84250445 -32.16339512]
 [  8.14985018   6.25814974]
 [-19.16834204 -33.45206316]
 [ 38.71993525  52.59369197]
 [  6.82233538   4.60683799]
 [ 42.51856263  57.92583232]
 [ -1.93660653  -8.43207171]
 [  1.9314253   -2.37512587]]
y = 
[0 0 0 0 0 0 0 0 0 0 0 0 0 0 0 0 0 1 0 1 0 0]