Criteria: K-means
seed = 482
Time[min] = 0.00011785030364990235
mu1 = 
[8.66083418 9.56467569]
mu2 = 
[1.19110472 5.1899566 ]
sigma1 = 
[[6.09198202 1.77365137]
 [1.77365137 1.04773723]]
sigma2 = 
[[68.57063658 29.38825785]
 [29.38825785 14.12337211]]
X1 = 
[[ 3.90428513  8.99185592]
 [15.80408706 12.18122514]
 [ 4.29774979  7.24018629]
 [ 6.90431411  8.9869781 ]
 [ 7.36983138  8.31178976]
 [12.39195626 11.31283178]
 [12.06572199 10.82897967]
 [ 4.97825397  7.81657829]
 [ 4.93883805  7.82043019]
 [ 3.46996059  7.42131733]
 [ 6.97708132 10.10881999]
 [11.10659532 10.30622578]
 [ 7.92352056  9.75892805]
 [ 6.1478598   8.73055985]
 [ 7.89899097  9.93454078]
 [ 6.4104357   9.51927716]
 [13.11766734 11.20937795]
 [ 2.2928675   7.97394542]
 [ 8.39730072  9.66995357]
 [10.4021126   8.99464872]
 [ 6.72781703  9.29169751]
 [ 6.30844928  8.96977304]]
X2 = 
[[ -5.05723676   3.76656565]
 [  4.24142347   6.81441979]
 [ -6.62205523   3.88220985]
 [-10.74790514   0.73974317]
 [  2.67685715   6.0389248 ]
 [ -8.98611472   0.59940456]
 [  0.3607536    4.3658751 ]
 [  2.04668014   6.35100096]
 [ -2.88471949   5.8653519 ]
 [ -1.18358984   4.20824541]
 [  3.0425612    3.7136055 ]
 [ -8.19588874   3.14500781]
 [ 18.00802964  12.53709282]
 [ -3.39970451   3.1460298 ]
 [ -2.2786318    0.70388109]
 [ -3.66295094   4.18545111]
 [  2.82762926   5.44097103]
 [  8.00309135   8.15133438]
 [  1.29021524   4.52643648]
 [  0.569174     5.29605735]
 [ -5.55153502   1.73143243]
 [ -0.35491663   5.58324423]]
y = 
[1 1 1 1 1 1 1 1 1 1 1 1 1 1 1 1 1 1 1 1 1 1 0 1 0 0 0 0 0 0 0 0 0 0 1 0 0
 0 0 1 0 0 0 0]