Criteria: K-means
seed = 391
Time[min] = 8.638302485148112e-05
mu1 = 
[0.58556282 1.24827647]
mu2 = 
[0.59556165 1.41272344]
sigma1 = 
[[4.76366595 1.49376822]
 [1.49376822 0.60513544]]
sigma2 = 
[[45.00594832 16.1551338 ]
 [16.1551338   5.89323257]]
X1 = 
[[ 0.50813652  1.58699114]
 [ 2.85262421  2.40769319]
 [-0.60261091  0.63200374]
 [-0.25068055  1.20714391]
 [-0.81005106  0.963381  ]
 [ 0.01291643  0.36127389]
 [-6.62515454 -0.5749885 ]
 [ 1.60262601  1.39590776]
 [ 1.38235879  1.78473179]
 [ 4.43741477  2.62371984]
 [-1.30422781  1.0923336 ]
 [ 0.09758676  1.20544138]
 [ 0.15098683  0.42336922]
 [ 1.14202331  1.32892543]
 [ 2.49902759  1.97665614]
 [-1.55630108  0.6095321 ]
 [ 1.28603027  1.8221635 ]
 [ 0.11394383  0.78455384]
 [ 2.54704846  2.35844445]]
X2 = 
[[ -4.94334426  -0.47240076]
 [ -7.30215872  -1.50423596]
 [ -2.45604998   0.17112433]
 [-11.69738154  -3.77729393]
 [ 10.64486126   4.98194986]
 [  6.16556453   3.74613336]
 [  7.73662918   3.36099803]
 [ -5.81093213  -0.86744549]
 [  0.65797319   1.06275015]
 [  6.73961782   3.70553238]
 [  9.55142436   4.47042611]
 [ 10.70821873   5.58826505]
 [-10.62715204  -2.74132312]
 [  2.23394961   1.26867795]
 [  9.21693256   4.36243485]
 [ -3.55645396  -0.10737116]
 [  2.65273411   2.10609411]
 [  2.19053073   2.09546815]
 [  9.63000935   4.64700318]]
y = 
[0 0 0 0 0 0 0 0 0 1 0 0 0 0 0 0 0 0 0 0 0 0 0 1 1 1 0 0 1 1 1 0 0 1 0 0 0
 1]