Criteria: K-means
seed = 516
Time[min] = 9.981791178385417e-05
mu1 = 
[8.1156605  7.08409061]
mu2 = 
[5.42151573 1.95083825]
sigma1 = 
[[3.22492342 4.83587174]
 [4.83587174 7.64435106]]
sigma2 = 
[[244.25668617 385.26632862]
 [385.26632862 607.74668606]]
X1 = 
[[ 7.84193108  5.89364561]
 [ 7.24164309  4.76947297]
 [ 5.11523307  2.5531855 ]
 [ 8.47598108  7.65536833]
 [ 4.52440455  1.77316558]
 [ 9.09265041  7.38936153]
 [12.34392197 12.86112043]
 [ 7.75303254  6.96906547]
 [ 5.44827596  3.52947089]
 [ 7.23333082  5.30668436]
 [ 9.13993135  7.33186503]
 [ 7.00300638  6.44209402]
 [10.42881466  9.14730038]
 [ 8.49619674  8.50337397]
 [ 8.34698247  7.34098521]
 [ 9.91005523 10.52847778]
 [ 6.83805583  5.30682915]
 [11.29141003 11.34122806]
 [ 8.43983557  8.32428876]
 [10.07532319  9.97255767]]
X2 = 
[[ -8.87312912 -20.67867926]
 [ 14.45508521  16.1897106 ]
 [ 13.43676839  14.26748591]
 [ -0.39879488  -7.14070018]
 [  8.52179677   6.9895801 ]
 [ 27.84993703  37.19379346]
 [  6.98990306   4.47544586]
 [  7.66262569   5.2919601 ]
 [  6.46323939   3.13848544]
 [ -5.65379811 -15.34832173]
 [ -4.84481093 -14.63809118]
 [-23.42239392 -44.32495395]
 [-15.78353902 -31.45764017]
 [ 22.02802325  27.63089816]
 [ -6.7269778  -17.07863562]
 [ 13.67675628  14.9842043 ]
 [ -3.70079519 -12.51096971]
 [ -8.99082575 -20.72622193]
 [  0.81898971  -5.72558012]
 [ 12.15507454  12.43794366]]
y = 
[0 0 0 0 0 0 0 0 0 0 0 0 0 0 0 0 0 0 0 0 1 0 0 1 0 0 0 0 0 1 1 1 1 0 1 0 1
 1 1 0]