Criteria: K-means
seed = 248
Time[min] = 8.368094762166342e-05
mu1 = 
[6.91986619 4.85035006]
mu2 = 
[1.94407434 5.09138758]
sigma1 = 
[[ 3.24946006  5.67967854]
 [ 5.67967854 10.56020061]]
sigma2 = 
[[ 333.14647414  618.24133647]
 [ 618.24133647 1147.43711687]]
X1 = 
[[ 6.70175001  5.02586298]
 [ 3.90722705 -0.69882781]
 [ 5.52946439  3.35292752]
 [ 8.61313177  9.14067664]
 [ 4.67271878  1.22025395]
 [ 6.96253596  3.48985266]
 [ 4.58687486  1.43516343]
 [ 5.7735858   3.47459873]]
X2 = 
[[-27.14875335 -49.08625858]
 [-15.91681089 -27.67405069]
 [ 36.12960627  68.45895523]
 [-30.00030011 -54.25607726]
 [-15.33013651 -26.99434562]
 [ 20.03520409  38.63752007]
 [ 10.56841906  20.98350824]
 [-12.16684252 -20.98934379]]
y = 
[1 1 1 1 1 1 1 1 0 0 1 0 0 1 1 0]