Criteria: K-means
seed = 485
Time[min] = 0.0003023664156595866
mu1 = 
[8.52253073 1.72119181]
mu2 = 
[0.19553512 5.41622821]
sigma1 = 
[[0.58437771 1.57480716]
 [1.57480716 6.04527297]]
sigma2 = 
[[ 25.14167337  96.12167405]
 [ 96.12167405 367.93327037]]
X1 = 
[[ 8.56850313  3.37959052]
 [ 8.40489589  2.67464451]
 [ 7.33630349 -1.35660422]
 [ 8.74953076  3.08156389]
 [ 8.59430589  0.82177429]
 [ 7.68758873 -2.57838249]
 [ 8.65498083  2.10669523]
 [ 8.72648975  3.75693901]
 [ 8.30242005  2.34965788]
 [ 7.34335813 -2.22869808]
 [ 8.31058824  1.18376485]
 [ 7.93484036  0.61575663]
 [ 9.33563741  3.70101053]
 [ 8.55853149  2.81095223]
 [ 8.23461026  0.44206356]
 [ 6.82254142 -4.33761648]
 [ 9.22300463  4.1858191 ]
 [ 8.75406105  2.3418133 ]
 [ 7.4541369  -0.21885475]
 [ 8.80787218  2.17224229]]
X2 = 
[[  0.05118719   4.27152331]
 [ -5.27481079 -15.90235855]
 [  2.95216229  16.18261577]
 [ -5.08218224 -14.30314371]
 [ -6.16192407 -19.7446295 ]
 [ -2.9978607   -7.63180907]
 [ -0.86328666   0.52983714]
 [  0.98910125   8.19086015]
 [ -6.02814688 -18.92377676]
 [  9.79304435  41.89928442]
 [ -1.69190377  -0.65424329]
 [ -1.4385505   -0.94601375]
 [ -6.10587661 -18.6533462 ]
 [  2.02649615  12.96727289]
 [ -2.36122562  -4.81906297]
 [  7.58651553  33.48060036]
 [  2.59562893  15.3160049 ]
 [ -4.42893055 -12.12377739]
 [  1.47703548  10.58412928]
 [ -1.5233807   -1.53791528]]
y = 
[1 1 1 1 1 1 1 1 1 1 1 1 1 1 1 1 1 1 1 1 1 0 1 0 0 0 1 1 0 1 1 1 0 1 0 1 1
 0 1 1]