Criteria: K-means
seed = 417
Time[min] = 9.537935256958008e-05
mu1 = 
[0.1897779  9.86514675]
mu2 = 
[1.96294248 4.25074576]
sigma1 = 
[[2.85576558 5.14791936]
 [5.14791936 9.28751774]]
sigma2 = 
[[273.16613443 492.81517488]
 [492.81517488 889.08093202]]
X1 = 
[[ 1.23190382 11.82075128]
 [-1.64159829  6.57428828]
 [-0.95840486  7.66928815]
 [ 0.04144546  9.6457191 ]
 [-0.12055922  9.18198359]
 [-0.45404895  8.6833343 ]
 [ 1.36949971 11.86390233]
 [-1.38114463  6.91826649]
 [ 5.25791049 19.03035452]
 [ 2.07434127 13.24435596]
 [-2.15346867  5.69413571]
 [-0.17905526  9.08496342]
 [-2.91021641  4.29172844]
 [-1.55012342  6.78851617]
 [ 1.49829376 12.23674425]
 [-0.59157205  8.37924543]
 [ 2.92002478 14.80255441]]
X2 = 
[[ -4.51162953  -7.4212344 ]
 [ 25.91068301  47.45685007]
 [ -8.5114921  -14.64058761]
 [-13.70588255 -24.01174497]
 [ 15.29608899  28.3098985 ]
 [ 15.83807821  29.28504484]
 [-11.31933998 -19.72139252]
 [-23.51622985 -41.71635015]
 [ 24.50341081  44.91653678]
 [ 21.34513294  39.22375292]
 [-28.7245808  -51.11472752]
 [ 16.82119113  31.05140175]
 [ 18.24697353  33.62611783]
 [ 20.14335624  37.04907289]
 [ 15.27798748  28.26400831]
 [ 28.81633323  52.69349526]
 [ 10.0897534   18.91624824]]
y = 
[1 1 1 1 1 1 1 1 0 1 1 1 1 1 1 1 1 1 0 1 1 0 0 1 1 0 0 1 0 0 0 0 0 0]