Criteria: K-means
seed = 469
Time[min] = 9.318192799886067e-05
mu1 = 
[6.91153404 0.85333493]
mu2 = 
[6.74237314 2.58385438]
sigma1 = 
[[1.88103304 0.96011491]
 [0.96011491 0.52348111]]
sigma2 = 
[[12.75649179  6.83202809]
 [ 6.83202809  3.66214538]]
X1 = 
[[ 9.79511486  2.05184335]
 [ 9.29923869  2.11195467]
 [ 7.10052335  1.318879  ]
 [ 6.41746611  0.50752439]
 [ 5.82992983  0.29060172]
 [ 7.68425474  1.39919646]
 [ 7.72434053  1.11441219]
 [ 6.45142155  0.53781582]
 [ 7.5198772   0.95316288]
 [ 6.0778978   0.80435776]
 [ 9.23274723  2.11624281]
 [ 4.87367408 -0.0549605 ]
 [ 9.18764389  1.82469391]
 [ 6.60981741  0.5745543 ]
 [ 5.81908343 -0.08865647]
 [ 5.77055553  0.26390106]
 [ 7.357087    1.3469509 ]
 [ 7.20073906  1.03156409]
 [ 6.22042262  0.39874991]
 [ 5.85938013  0.3885628 ]
 [ 5.6605995   0.2040911 ]]
X2 = 
[[ 2.70730138  0.36866928]
 [13.12535149  5.96906127]
 [ 2.39677266  0.21029291]
 [ 7.16393193  2.7883566 ]
 [ 7.52119984  2.98488009]
 [ 6.85970849  2.70107965]
 [ 6.8375253   2.61577999]
 [ 7.15622091  2.7680819 ]
 [ 1.31286128 -0.31765835]
 [ 4.97372192  1.5933702 ]
 [10.80602083  4.67657641]
 [ 4.17832954  1.11863245]
 [11.63799722  5.24246312]
 [ 9.24696235  3.93690814]
 [ 6.2158949   2.32333072]
 [-1.61084013 -1.85300668]
 [ 1.89565096  0.05929642]
 [ 2.88054909  0.49307736]
 [ 9.93572076  4.37026477]
 [13.19457934  5.9745661 ]
 [ 7.28247055  2.84357292]]
y = 
[1 1 0 0 0 0 0 0 0 0 1 0 1 0 0 0 0 0 0 0 0 0 1 0 0 0 0 0 0 0 0 1 0 1 1 0 0
 0 0 1 1 0]