Criteria: K-means
seed = 351
Time[min] = 0.00013899803161621094
mu1 = 
[0.1126577  2.83025496]
mu2 = 
[9.78936449 9.87341715]
sigma1 = 
[[6.70105307 1.33708995]
 [1.33708995 0.40654665]]
sigma2 = 
[[62.7822076  14.39580513]
 [14.39580513  3.44061133]]
X1 = 
[[-0.31402242  2.0325909 ]
 [ 3.01666446  3.53024717]
 [ 0.78772179  3.24168089]
 [-2.12067968  2.75838895]
 [-2.83700705  1.61713834]
 [-5.05237638  1.63033483]
 [ 1.67226475  3.87362618]
 [-1.56073453  2.21761897]
 [ 4.686547    3.53401367]
 [-3.0876632   2.2570789 ]
 [ 1.41797542  2.89692893]
 [ 0.3577103   2.73308095]
 [ 2.76295813  3.19542866]
 [ 1.88601709  3.5242615 ]]
X2 = 
[[ 8.95443138  8.85464783]
 [ 6.17588869  8.33793913]
 [26.89692162 13.6504409 ]
 [10.85288007 10.08424414]
 [14.19830461 11.09544021]
 [18.3796597  11.80468592]
 [16.36893329 11.3351892 ]
 [20.66239072 12.93175465]
 [ 4.91211409  9.54003909]
 [13.17011938 11.1733532 ]
 [ 1.29070087  7.6331917 ]
 [ 0.46641223  7.46899486]
 [14.44179735 11.22360346]
 [20.53798445 12.67434202]]
y = 
[1 1 1 1 1 1 1 1 1 1 1 1 1 1 0 1 0 0 0 0 0 0 1 0 1 1 0 0]