Criteria: K-means
seed = 459
Time[min] = 9.804566701253256e-05
mu1 = 
[3.76323031 5.43074884]
mu2 = 
[9.84777969 9.8012192 ]
sigma1 = 
[[5.66750351 1.10143824]
 [1.10143824 0.23333526]]
sigma2 = 
[[44.25225792  8.81244882]
 [ 8.81244882  1.75761961]]
X1 = 
[[ 1.68845061  5.26363514]
 [ 3.10533544  5.55479925]
 [ 7.6782965   6.35451886]
 [ 3.04357912  5.17834723]
 [ 6.79484376  6.24817642]
 [ 9.01104344  6.42539759]
 [-0.30718512  4.49576264]
 [ 2.15426321  4.97419081]
 [ 3.35798499  5.47731297]
 [ 6.73935156  5.74415947]
 [ 0.60494789  4.95374142]
 [ 3.26061532  5.4815808 ]
 [ 4.89617449  5.82708208]
 [-2.73097768  4.32142848]
 [ 4.76755939  5.738876  ]
 [ 7.01855964  5.99509418]
 [ 3.89358028  5.56735531]
 [ 5.47217538  5.9649026 ]]
X2 = 
[[ 8.65734996  9.7027932 ]
 [15.87057326 11.0124077 ]
 [ 1.871942    8.19501098]
 [14.37760716 10.66078228]
 [-3.75337275  7.1075329 ]
 [11.22679352 10.05349952]
 [21.45748896 12.06193603]
 [-7.42746802  6.39026112]
 [ 8.57124101  9.6232744 ]
 [12.08080086 10.25009084]
 [17.03056759 11.31293786]
 [ 3.39360692  8.55320973]
 [ 1.04813136  8.03123204]
 [ 9.95086992  9.8696097 ]
 [ 7.96815668  9.54864688]
 [12.42804405 10.24156836]
 [ 2.54334255  8.29294644]
 [14.50861904 10.71077422]]
y = 
[0 0 0 0 0 1 0 0 0 0 0 0 0 0 0 0 0 0 1 1 0 1 0 1 1 0 1 1 1 0 0 1 1 1 0 1]