Criteria: K-means
seed = 456
Time[min] = 8.875131607055664e-05
mu1 = 
[2.48755909 1.63066783]
mu2 = 
[8.85701903 7.59117468]
sigma1 = 
[[7.15119746 5.37466952]
 [5.37466952 4.04094375]]
sigma2 = 
[[340.01034934 255.6226949 ]
 [255.6226949  192.17933624]]
X1 = 
[[ 5.456376    3.87137344]
 [ 3.32117546  2.33184609]
 [-2.65211732 -2.19740717]
 [-0.03779073 -0.22318787]
 [ 2.77320461  1.84197721]
 [ 5.09248953  3.57400186]
 [-0.56309614 -0.65720399]
 [ 3.47436326  2.36087863]
 [ 2.1786933   1.44227723]
 [ 5.99443584  4.25617795]
 [ 0.2014099  -0.14298577]
 [-1.03974953 -1.05266704]
 [ 0.693531    0.28545288]
 [ 1.56061566  0.88741421]
 [ 2.17231437  1.37994499]
 [-0.71123553 -0.79453373]
 [ 2.52433175  1.64714039]
 [ 1.42475342  0.87786009]
 [ 2.43602316  1.60900968]
 [ 5.24361953  3.70490352]]
X2 = 
[[ 31.23306529  24.41206105]
 [-14.13217283  -9.69243985]
 [ 20.60097544  16.4204067 ]
 [ 34.62016152  26.96323861]
 [ 17.92670026  14.41029717]
 [ 13.80192468  11.30867715]
 [ 27.62222477  21.69842921]
 [ -3.51653871  -1.7125147 ]
 [ 11.35465606   9.47218993]
 [  7.37464503   6.47512202]
 [-12.39824773  -8.38717737]
 [ -7.30447546  -4.55864953]
 [  4.26026803   4.13779595]
 [ 13.42153783  11.02464091]
 [  3.19039082   3.3324086 ]
 [  7.53478821   6.59666487]
 [ 23.11803833  18.31117761]
 [-12.0498296   -8.12819776]
 [ -1.30734656  -0.05099841]
 [ 23.00287069  18.22812071]]
y = 
[0 0 0 0 0 0 0 0 0 0 0 0 0 0 0 0 0 0 0 0 1 0 1 1 1 1 1 0 1 0 0 0 0 1 0 0 1
 0 0 1]