Criteria: K-means
seed = 542
Time[min] = 0.00013170639673868814
mu1 = 
[0.8214321  7.25197334]
mu2 = 
[6.80868605 9.48015015]
sigma1 = 
[[6.80167128 2.4680526 ]
 [2.4680526  1.06902945]]
sigma2 = 
[[107.17556851  43.17109154]
 [ 43.17109154  17.51952322]]
X1 = 
[[-0.64470102  6.64082171]
 [ 5.20429893  9.04752038]
 [ 4.83563592  9.22858587]
 [ 1.47411764  7.44782601]
 [-3.09630731  5.78023581]
 [ 1.28263666  8.24006859]
 [-2.73606672  5.57750357]
 [ 0.19940325  7.40303051]
 [ 1.22169218  8.66529983]
 [-0.42933296  6.64295281]
 [ 0.63160738  6.77556448]
 [-2.09196922  6.85418208]
 [-0.88720064  6.72910841]
 [ 2.19418415  7.7331916 ]
 [ 2.40747942  8.26451776]
 [-0.44383536  6.59110078]
 [-1.39352297  6.14761486]
 [ 5.06007696  8.50608392]
 [-0.82041787  6.80946974]
 [ 1.1591822   7.69491533]
 [-2.26179952  6.61464697]
 [ 0.86562895  6.70472683]]
X2 = 
[[  4.99388842   8.5553672 ]
 [ 14.25075374  11.91078684]
 [ 12.71330493  11.73869583]
 [ 28.47133866  17.80507859]
 [ 13.55364907  12.13536514]
 [-13.22686298   1.52837746]
 [  1.84783627   7.46924815]
 [ 17.73927287  14.38484427]
 [  9.51038772  10.97487026]
 [  7.69108065  10.0835386 ]
 [ 18.3706489   14.06657683]
 [ 10.5855689   11.64553451]
 [ -3.91771479   5.0574581 ]
 [-18.32477795  -0.71346295]
 [  2.12275441   7.51675433]
 [ -8.24512234   3.28616808]
 [  1.37914453   7.22096265]
 [ -7.1319296    4.29961188]
 [ 33.68811565  20.65533532]
 [ 21.23588831  15.33858618]
 [  4.10527666   8.12262739]
 [ 20.97566973  15.12896814]]
y = 
[0 0 0 0 0 0 0 0 0 0 0 0 0 0 0 0 0 0 0 0 0 0 0 1 1 1 1 0 0 1 1 0 1 1 0 0 0
 0 0 0 1 1 0 1]