Criteria: K-means
seed = 196
Time[min] = 0.00010718107223510742
mu1 = 
[6.89509275 5.77975391]
mu2 = 
[7.51024219 5.19320563]
sigma1 = 
[[0.3232229  0.75817094]
 [0.75817094 1.93218255]]
sigma2 = 
[[ 5.85270476 14.89430475]
 [14.89430475 37.90811712]]
X1 = 
[[6.61740521 5.47598054]
 [7.52059427 7.61110504]
 [5.9741894  2.89061817]
 [5.87313746 2.8596619 ]
 [7.04941083 5.55193372]
 [7.1031285  6.49308915]
 [6.42578384 4.04666577]
 [6.17187265 3.73025779]
 [6.61964175 5.00280305]
 [6.93878789 6.2069168 ]
 [7.11107656 6.11398033]
 [7.4495186  6.91393001]
 [6.57796754 5.17146075]
 [7.01966797 5.53364148]
 [6.81078615 5.81631244]]
X2 = 
[[10.53120009 12.91087294]
 [ 5.14069649 -0.8146837 ]
 [ 6.51129699  2.63230523]
 [ 6.16623257  1.77596276]
 [ 8.40626827  7.40016557]
 [ 9.85381347 11.09081319]
 [ 5.21682031 -0.64288105]
 [ 3.24699332 -5.65250405]
 [ 7.88829127  6.02503816]
 [ 5.874122    1.04684365]
 [10.71335    13.35505149]
 [ 7.91175394  6.21932573]
 [ 9.95345328 11.38542695]
 [ 4.78273672 -1.76785178]
 [ 7.66945285  5.56293854]]
y = 
[0 0 1 1 0 0 1 1 0 0 0 0 0 0 0 0 1 1 1 0 0 1 1 0 1 0 0 0 1 0]