Criteria: K-means
seed = 121
Time[min] = 8.934736251831055e-05
mu1 = 
[1.11330828 2.10767575]
mu2 = 
[5.557906   7.45523942]
sigma1 = 
[[0.28514301 0.81321171]
 [0.81321171 2.35317823]]
sigma2 = 
[[ 6.69443944 19.36820264]
 [19.36820264 56.0357912 ]]
X1 = 
[[ 0.28165455 -0.54101394]
 [ 0.91091546  1.48745593]
 [ 0.48077341 -0.08465432]
 [ 1.57491375  3.30555091]
 [ 1.09537962  1.96316919]
 [ 0.81087964  1.34646691]
 [ 0.44681097  0.33482722]
 [ 2.68538145  6.86542122]
 [ 0.51069572  0.45664991]]
X2 = 
[[ 8.75978435 16.69687294]
 [ 4.29346103  3.80153235]
 [ 6.14360512  9.15104854]
 [ 1.1038596  -5.41882455]
 [11.88200011 25.75099286]
 [ 8.02039158 14.55035976]
 [ 2.80706221 -0.50086446]
 [ 3.67957849  2.02112172]
 [ 9.10799026 17.73216583]]
y = 
[0 0 0 0 0 0 0 0 0 1 0 0 0 1 1 0 0 1]