Criteria: K-means
seed = 287
Time[min] = 0.0001031955083211263
mu1 = 
[1.44485231 7.1075312 ]
mu2 = 
[9.5515133  0.33357888]
sigma1 = 
[[6.71557363 0.33369245]
 [0.33369245 0.05230729]]
sigma2 = 
[[46.2124357   2.41548171]
 [ 2.41548171  0.13871117]]
X1 = 
[[ 0.57389217  6.91879196]
 [ 7.37881984  7.16710695]
 [-0.40801522  7.12955537]
 [-0.07049001  6.89102402]
 [-0.30573622  6.62126377]
 [ 0.74351665  7.21400105]
 [-3.15181445  7.17970705]
 [ 1.20887689  6.8402255 ]
 [ 1.39714608  7.22152976]
 [ 1.52807255  6.75145308]
 [ 4.72891372  7.13455978]
 [-2.34306271  6.56358252]
 [-0.30722691  6.63730752]
 [ 3.31570165  7.25213489]
 [-0.48663915  7.48300429]
 [ 3.31660266  7.20192187]
 [ 2.31065716  7.01592941]
 [ 0.53342113  7.07403041]
 [-3.30978579  6.97984311]
 [ 0.8858399   7.42533252]
 [ 4.34373448  7.4065922 ]
 [-1.60341537  7.24245953]]
X2 = 
[[ 9.60959809e+00  5.70541056e-01]
 [ 2.14773340e+01  9.54039789e-01]
 [ 4.31468394e+00  5.95767444e-02]
 [ 5.30881652e+00  4.42715978e-02]
 [-6.95294393e+00 -4.17854714e-01]
 [-6.20723375e+00 -3.26356265e-01]
 [ 1.44152756e+01  6.78258461e-01]
 [-4.52623509e+00 -3.17760929e-01]
 [ 2.14686571e+01  1.00250339e+00]
 [ 3.51683727e+00 -3.54599648e-02]
 [ 6.87502478e+00  2.74211513e-01]
 [ 1.29871103e+01  5.37241695e-01]
 [ 2.24724135e+00 -1.54881823e-02]
 [ 9.34516223e+00  4.00965169e-01]
 [ 1.15271529e+01  4.76827758e-01]
 [ 1.65591103e+01  6.40254223e-01]
 [ 4.98910231e+00  1.58589347e-01]
 [ 1.09577557e+01  3.66799884e-01]
 [ 1.69510060e+01  4.25917890e-01]
 [ 1.54449480e+01  7.27617624e-01]
 [ 9.84246165e+00  4.20972527e-01]
 [ 1.53946245e+01  6.54944682e-01]]
y = 
[0 0 0 0 0 0 0 0 0 0 0 0 0 0 0 0 0 0 0 0 0 0 1 1 0 0 0 0 1 0 1 0 1 1 0 1 1
 1 0 1 1 1 1 1]