Criteria: K-means
seed = 334
Time[min] = 9.848276774088542e-05
mu1 = 
[2.38136567 0.32485289]
mu2 = 
[7.99337358 1.06530889]
sigma1 = 
[[0.306309   1.43975312]
 [1.43975312 6.85827522]]
sigma2 = 
[[ 20.82271563  99.18324066]
 [ 99.18324066 472.43227851]]
X1 = 
[[ 2.82775662  2.46328349]
 [ 1.41049998 -4.23662507]
 [ 1.92003272 -1.1492692 ]
 [ 2.41229192  0.52948273]
 [ 2.63432749  1.54935519]
 [ 2.80680616  2.36816246]]
X2 = 
[[  3.62512925 -19.7681779 ]
 [  8.72220655   4.50803375]
 [  8.1612397    1.87993247]
 [  8.35453294   2.79705037]
 [  8.89104388   5.34354298]
 [ 11.05584616  15.63532817]]
y = 
[0 0 0 0 0 0 1 0 0 0 0 0]