Criteria: K-means
seed = 222
Time[min] = 0.00011220375696818034
mu1 = 
[5.26028426 6.85317185]
mu2 = 
[7.60569419 2.24304617]
sigma1 = 
[[4.97244149 1.20873343]
 [1.20873343 0.32593126]]
sigma2 = 
[[39.33553944  9.9499963 ]
 [ 9.9499963   2.52334834]]
X1 = 
[[5.01464249 6.76400194]
 [3.22080005 6.36228443]
 [8.53528643 7.54660263]
 [1.82165534 5.92891468]
 [5.82767676 6.69790719]
 [6.68745367 7.06824636]
 [2.80865163 6.15968249]
 [4.27831827 6.68416559]
 [5.12739414 6.96846994]
 [7.24439375 7.42338147]
 [2.38038191 6.04979545]
 [4.71309019 6.74175654]
 [7.51040789 7.24692449]
 [7.43538984 7.27249437]
 [3.99030489 6.23429606]
 [0.89131483 6.14170718]
 [5.15010547 6.95548071]]
X2 = 
[[12.9894854   3.53401235]
 [ 1.25814173  0.61173648]
 [ 8.15152798  2.32082754]
 [ 5.19921583  1.62767917]
 [12.89512923  3.54238627]
 [10.27996783  2.93031389]
 [13.3131228   3.76333937]
 [11.05710537  3.18303126]
 [ 3.8026631   1.29210577]
 [11.92339888  3.2847338 ]
 [18.79141058  4.90873575]
 [ 8.17422192  2.44541129]
 [ 4.8752142   1.52592989]
 [ 4.55040602  1.39616168]
 [ 9.55615179  2.66378171]
 [-3.00339857 -0.38479961]
 [-7.72086589 -1.58127292]]
y = 
[0 0 1 0 0 1 0 0 0 1 0 0 1 1 0 0 0 1 0 1 0 1 1 1 1 0 1 1 1 0 0 1 0 0]