Criteria: K-means
seed = 303
Time[min] = 8.01841417948405e-05
mu1 = 
[7.50148423 2.81035071]
mu2 = 
[1.87032784 3.60300426]
sigma1 = 
[[6.87883042 3.8718133 ]
 [3.8718133  2.28056926]]
sigma2 = 
[[197.22769003 114.93293097]
 [114.93293097  67.00089972]]
X1 = 
[[ 7.30969374  2.41165946]
 [10.3407611   4.64277355]
 [ 6.58891573  2.82042187]
 [ 7.15732806  2.54067308]
 [ 7.46384818  2.63420692]
 [ 6.96024855  1.68525705]]
X2 = 
[[-13.33008553  -5.44948881]
 [ 22.87530317  15.84963984]
 [  3.86974936   4.65124913]
 [ 18.50786368  13.21017162]
 [-13.39401902  -5.45332681]
 [-11.64576247  -4.18789645]]
y = 
[1 1 1 1 1 1 0 1 1 1 0 0]