Criteria: K-means
seed = 235
Time[min] = 8.718570073445638e-05
mu1 = 
[9.30588103 5.22707047]
mu2 = 
[8.38260931 0.87924307]
sigma1 = 
[[8.61244485 5.83075399]
 [5.83075399 4.05095128]]
sigma2 = 
[[414.15112739 286.41805059]
 [286.41805059 198.09975477]]
X1 = 
[[14.9817113   9.0895874 ]
 [ 8.72805507  4.95213556]
 [ 8.62190376  4.52082229]
 [12.62497462  6.96779603]
 [13.11890448  7.67677866]
 [13.09095064  8.17434354]
 [13.7630297   7.65859716]
 [ 9.48247724  5.03252393]
 [12.36157733  7.96263248]
 [ 5.96697771  3.67847147]
 [ 8.6364744   4.7252957 ]
 [ 7.52708801  3.70375203]
 [ 6.38322235  3.65826965]
 [10.24150163  5.84439197]
 [ 8.45629225  4.12602804]
 [10.54770059  6.0368712 ]
 [ 5.49395413  2.67827763]
 [ 8.42967232  4.51074607]]
X2 = 
[[ 54.76679682  33.01334068]
 [ 19.63823031   8.91805253]
 [ 16.52103565   6.58738115]
 [ 25.46379658  12.68388482]
 [  6.46833121  -0.39042138]
 [ 20.10913506   9.07678523]
 [ 12.59812546   3.88561985]
 [ -2.01108988  -6.36755116]
 [ 26.1543752   13.2137687 ]
 [ 11.34358496   3.14732379]
 [ 23.30103202  11.40191649]
 [ -2.78558462  -6.7184802 ]
 [ 12.4652177    3.55512613]
 [-52.68949783 -41.37041699]
 [ -2.12938159  -6.65674201]
 [ 36.50965134  20.3609474 ]
 [ 12.30420529   3.60589795]
 [  7.5981713    0.36355279]]
y = 
[0 0 0 0 0 0 0 0 0 0 0 0 0 0 0 0 0 0 0 0 0 0 0 0 0 0 0 0 0 0 0 1 0 0 0 0]