Criteria: K-means
seed = 360
Time[min] = 8.336702982584636e-05
mu1 = 
[4.97778197 9.41525348]
mu2 = 
[6.49470384 2.08786941]
sigma1 = 
[[1.95657478 0.36278147]
 [0.36278147 0.64218341]]
sigma2 = 
[[5.14428886 3.03953153]
 [3.03953153 4.25560573]]
X1 = 
[[ 5.67691055  8.92099677]
 [ 5.03199148  8.937546  ]
 [ 6.33973612  9.71169939]
 [ 6.05099744 10.59126636]
 [ 6.97976432  9.83172221]
 [ 1.55507386  8.41389875]
 [ 6.36134446 10.30917079]
 [ 4.39875528  9.54147727]]
X2 = 
[[ 9.66606796  0.89214452]
 [ 9.62380827  2.85580529]
 [ 3.50300581 -1.90457811]
 [ 3.85647766  0.68732123]
 [ 7.98785435  1.28146718]
 [ 5.2239344   3.79655232]
 [ 9.04040502  4.20482313]
 [ 7.4453329   2.19761717]]
y = 
[0 0 0 0 0 0 0 0 1 1 1 1 1 1 1 1]