Criteria: K-means
seed = 373
Time[min] = 9.15845235188802e-05
mu1 = 
[6.94331829 5.83255408]
mu2 = 
[7.59948231 4.15432382]
sigma1 = 
[[0.77950646 1.48311048]
 [1.48311048 4.81860386]]
sigma2 = 
[[ 22.60379718  72.6213129 ]
 [ 72.6213129  234.3890484 ]]
X1 = 
[[5.47722609 5.02941305]
 [6.67619447 8.08588622]
 [7.14324447 8.13576866]
 [6.14492991 4.1969287 ]
 [6.95413271 6.71696332]
 [7.02037255 6.05246257]
 [7.5000261  8.31558043]
 [5.67838296 3.21213698]
 [6.69443071 6.50588483]]
X2 = 
[[  3.70292431  -8.31843129]
 [  5.65456589  -2.6989646 ]
 [  8.51844002   9.1899994 ]
 [  7.61183903   4.93187987]
 [ 10.06992014  12.08687555]
 [  9.07904432   9.5015855 ]
 [  0.5830235  -19.30093468]
 [ -3.56532387 -31.36894218]
 [  5.59791747  -1.89329985]]
y = 
[0 0 0 0 0 0 0 0 0 0 0 0 0 0 0 1 1 0]