Criteria: K-means
seed = 342
Time[min] = 8.571942647298178e-05
mu1 = 
[0.65034397 8.2231422 ]
mu2 = 
[4.32534613 3.76217726]
sigma1 = 
[[3.32906114 1.88925327]
 [1.88925327 1.90272137]]
sigma2 = 
[[46.7754273  42.2366653 ]
 [42.2366653  39.77276387]]
X1 = 
[[-0.2606724   8.19975227]
 [-0.17391608  7.18624282]
 [ 1.81787783  9.19685472]
 [ 3.42418381  9.45428053]
 [ 0.32839595  9.47268924]
 [-0.85201906  7.32296494]
 [-1.37973234  7.79679089]
 [-0.54716579  7.05795205]
 [-0.39596785  7.22210387]]
X2 = 
[[ 2.89918716  1.11054869]
 [ 2.39179509  1.6311216 ]
 [ 2.18816005  1.01139711]
 [ 9.588951    7.70076202]
 [ 8.5120578   9.51791379]
 [ 8.93614247  8.23253497]
 [-2.66265113 -3.55102876]
 [ 8.10269494  5.93938776]
 [10.78242522  7.45789097]]
y = 
[0 0 0 0 0 0 0 0 0 0 0 0 1 1 1 0 1 1]