Criteria: K-means
seed = 131
Time[min] = 8.72492790222168e-05
mu1 = 
[6.50153605 9.48109166]
mu2 = 
[2.39466776 2.54157067]
sigma1 = 
[[4.26317404 1.07987925]
 [1.07987925 0.63710607]]
sigma2 = 
[[29.83604486 11.48368939]
 [11.48368939  5.22518058]]
X1 = 
[[ 9.44583257 10.10701567]
 [ 8.23331244 10.07962622]
 [ 5.82903159  8.43826336]
 [ 6.10159979 10.65693589]
 [ 8.15380655  9.71138395]
 [ 9.63494379 10.49276665]
 [ 8.8832299  10.36611154]
 [ 5.91174221  9.88581897]
 [ 8.34691609 10.56610062]
 [ 7.29983675  9.89619678]]
X2 = 
[[ -6.32208657  -2.05395962]
 [  8.91927324   4.87457699]
 [-10.97338971  -2.31288656]
 [ -4.4916703    0.10905741]
 [  3.70673896   3.68426069]
 [ -1.69540774   1.6648112 ]
 [ 10.54352317   7.47632528]
 [  8.47734917   5.60198701]
 [ -2.01543007   0.71936665]
 [ -2.9787586   -0.93304459]]
y = 
[0 0 0 0 0 0 0 0 0 0 1 0 1 1 0 1 0 0 1 1]