Criteria: K-means
seed = 339
Time[min] = 8.708635965983073e-05
mu1 = 
[6.37747311 1.71612134]
mu2 = 
[1.18541655 7.58231704]
sigma1 = 
[[2.80572407 0.39694495]
 [0.39694495 0.97133689]]
sigma2 = 
[[9.44774047 4.96939071]
 [4.96939071 9.59251878]]
X1 = 
[[ 6.08757151  2.44453401]
 [ 6.13473746  1.37131408]
 [ 6.36942146  1.78003926]
 [ 4.28352755  3.02746819]
 [ 7.45950031  2.25888376]
 [ 6.63036863  1.39704251]
 [ 4.70476463  0.54741826]
 [ 8.68033534  1.93695959]
 [ 3.64675993  1.53889032]
 [ 6.85945045 -0.11367951]
 [ 5.38372984  0.45229171]
 [ 8.6793638   2.13453882]
 [ 5.34764275  0.73992799]
 [ 9.01790653  1.78466946]
 [ 6.80601309  1.38125259]]
X2 = 
[[-1.12770414  7.0939042 ]
 [ 2.06189812  3.84744577]
 [ 5.14567051  7.91649539]
 [ 2.88898249  7.60684905]
 [ 3.30123409 12.10317567]
 [-2.33126074  7.85683998]
 [ 1.43522142  8.67015786]
 [ 4.22640312  7.76396519]
 [ 4.21184606 10.31582551]
 [ 0.93237663  9.13403745]
 [ 3.58323843 10.96015159]
 [ 2.46955974 10.8630298 ]
 [-1.07149621  6.807832  ]
 [-1.99644316  7.88228763]
 [ 1.91894494  8.05522595]]
y = 
[1 1 1 1 1 1 1 1 1 1 1 1 1 1 1 0 1 0 0 0 0 0 0 0 0 0 0 0 0 0]