Criteria: K-means
seed = 498
Time[min] = 0.00012724796930948894
mu1 = 
[2.09053664 0.83578885]
mu2 = 
[2.95233625 3.46293914]
sigma1 = 
[[4.84355934 6.65497668]
 [6.65497668 9.21718468]]
sigma2 = 
[[466.34721328 645.63526532]
 [645.63526532 893.85364829]]
X1 = 
[[ 3.61946976  2.85042119]
 [ 0.1962459  -1.82025971]
 [ 0.52926417 -1.48741974]
 [-1.87468949 -5.10499526]
 [ 2.56188806  1.63970179]
 [-1.08394133 -3.17067589]
 [-2.60331727 -6.00549884]
 [ 3.96214894  3.56825945]
 [ 3.69883294  3.00809654]
 [ 2.44929447  1.52038978]
 [ 1.79498175  0.72557926]
 [ 5.43326023  5.16841295]
 [ 2.54248635  1.65004397]
 [ 3.61178922  2.79886216]
 [ 2.39228552  1.52995126]
 [ 1.42165709 -0.71781936]
 [-1.29034349 -3.76713332]
 [ 2.71729456  1.91053441]
 [-0.11590838 -2.32077215]
 [ 3.91677649  3.01640174]
 [ 1.51322857 -0.21651682]]
X2 = 
[[-34.20833325 -48.02443566]
 [  3.83203736   4.65422723]
 [  4.30630724   5.32427565]
 [-39.17454862 -54.92099013]
 [ -7.71893289 -11.36728204]
 [ -5.60915744  -8.35210833]
 [ 13.32236558  17.81325305]
 [ 21.20610717  28.71933774]
 [-22.98540787 -32.4013657 ]
 [ 12.78447216  17.12624592]
 [ -9.37323689 -13.66836443]
 [  2.7643784    3.20277218]
 [-18.62236581 -26.48605896]
 [ 37.74619093  51.65508567]
 [  0.77504844   0.55258854]
 [ -3.47367063  -5.49237228]
 [ 17.18198896  23.14089699]
 [ 40.45205679  55.38470656]
 [-11.63289602 -16.70703635]
 [ 11.88122538  15.89466029]
 [ -5.1837822   -7.81922185]]
y = 
[0 0 0 0 0 0 0 0 0 0 0 0 0 0 0 0 0 0 0 0 0 0 0 0 0 0 0 1 1 0 1 0 0 0 1 0 0
 1 1 0 1 0]