Criteria: K-means
seed = 157
Time[min] = 8.735259373982747e-05
mu1 = 
[7.97402065 5.85220572]
mu2 = 
[2.48974   4.5374224]
sigma1 = 
[[0.73825174 1.84489357]
 [1.84489357 4.61529493]]
sigma2 = 
[[ 34.58133836  86.5092751 ]
 [ 86.5092751  216.41310501]]
X1 = 
[[9.47607828 9.58556306]
 [7.9257875  5.68580539]
 [7.51890049 4.75843372]
 [7.0096613  3.43141941]
 [7.26285913 3.97802129]
 [8.94170765 8.19587769]
 [7.46520049 4.52482358]
 [8.59750524 7.42017144]
 [7.00494739 3.55281707]
 [7.9783223  5.87331976]
 [7.64414204 5.00089552]
 [7.80039881 5.40816433]]
X2 = 
[[11.3134056  26.60841083]
 [ 4.61120442  9.84259772]
 [ 2.8073465   5.33193537]
 [10.18546818 23.78983188]
 [ 6.39236395 14.301118  ]
 [ 4.23158379  8.89496831]
 [ 8.20904753 18.84041041]
 [-1.75320155 -6.07500721]
 [-1.53823189 -5.53954999]
 [ 3.40047098  6.81560028]
 [ 4.80194288 10.32198022]
 [ 7.81169913 17.85192048]]
y = 
[1 1 1 1 1 1 1 1 1 1 1 1 0 1 1 0 0 1 0 1 1 1 1 0]