Criteria: K-means
seed = 299
Time[min] = 9.46958859761556e-05
mu1 = 
[2.99554995 4.21482576]
mu2 = 
[5.93622599 4.41587268]
sigma1 = 
[[9.53576779 6.99784066]
 [6.99784066 5.49647893]]
sigma2 = 
[[580.62860686 451.36462139]
 [451.36462139 351.0825805 ]]
X1 = 
[[ 4.32228821  4.88709435]
 [ 6.10806548  5.72524188]
 [ 0.56097638  2.67181949]
 [ 2.67760725  2.86955025]
 [-2.41267564  0.02305914]
 [ 5.75798458  6.76148134]
 [ 5.65321924  5.81736703]
 [ 7.28355408  7.25787326]
 [ 2.02289424  3.84522534]
 [ 2.84562037  2.81261121]]
X2 = 
[[ 36.53157349  27.74228642]
 [  8.35067302   6.24146176]
 [ 12.7313827    8.80186547]
 [-37.09406701 -28.98084281]
 [ -1.13974321  -1.42929298]
 [ 38.09552406  29.31602222]
 [-17.85045873 -13.98635906]
 [ 24.34003408  18.6661097 ]
 [-10.33915769  -8.01805699]
 [ 11.33402592   8.52362668]]
y = 
[0 0 0 0 0 0 0 0 0 0 1 0 0 0 0 1 0 1 0 0]