Criteria: K-means
seed = 495
Time[min] = 0.0001024325688680013
mu1 = 
[2.88063199 9.81498817]
mu2 = 
[9.61083239 5.07119069]
sigma1 = 
[[3.25233681 3.80726739]
 [3.80726739 4.58532332]]
sigma2 = 
[[155.53054486 186.9580356 ]
 [186.9580356  224.74718453]]
X1 = 
[[ 5.35278137 12.97611498]
 [ 2.19553891  8.71817665]
 [ 4.0800392  12.22040358]
 [ 4.58741347 11.54578356]
 [ 1.41139162  8.18409961]
 [ 4.61486343 12.27161447]
 [ 5.96030558 13.46241307]
 [ 5.1670528  12.56722051]
 [ 0.65697878  7.45657235]
 [ 4.95596138 12.02025734]
 [-0.06701208  5.99784879]
 [ 1.51629387  8.03650536]
 [ 2.77661401  9.28064309]
 [ 1.43297252  7.53331519]
 [ 2.11937652  9.49130742]
 [ 2.71282936 10.67154709]
 [ 6.24665954 14.43367394]
 [ 0.04701337  6.51789985]
 [ 4.16166593 11.25133513]
 [ 3.06804597 10.45853366]
 [ 4.34686242 11.83952596]
 [ 0.33174375  6.73860995]
 [ 3.01474281  9.79419886]]
X2 = 
[[  9.59386723   5.13393577]
 [ 12.18756415   7.96122785]
 [  8.35743954   3.43338601]
 [-15.9803136  -25.59415513]
 [ 16.80895966  13.63914688]
 [ 13.96138087  10.30924107]
 [ -2.42495361  -9.39610162]
 [ 18.67098852  16.16736626]
 [  7.2867126    2.28465104]
 [  1.51971985  -4.7889844 ]
 [ 30.35777934  30.23296786]
 [ 19.81187864  17.38691827]
 [ 13.08911715   9.23527535]
 [ 31.56664367  31.4503105 ]
 [ 24.79028155  23.2472141 ]
 [ -9.37406144 -17.68551897]
 [-20.5217889  -31.13074565]
 [ -5.93523964 -13.75317583]
 [-27.19211637 -39.11825809]
 [ -1.96463688  -8.93039879]
 [  9.91146396   5.28775737]
 [-15.40197694 -24.98543857]
 [ -1.54358287  -8.30693211]]
y = 
[0 0 0 0 0 0 0 0 0 0 0 0 0 0 0 0 0 0 0 0 0 0 0 0 0 0 1 0 0 1 0 0 0 0 0 0 0
 0 1 1 1 1 1 0 1 1]