Criteria: K-means
seed = 378
Time[min] = 9.398460388183593e-05
mu1 = 
[5.94324168 0.51057114]
mu2 = 
[0.19748506 0.96338723]
sigma1 = 
[[6.66791817 0.34527433]
 [0.34527433 0.17752322]]
sigma2 = 
[[45.65327634  2.91520309]
 [ 2.91520309  0.43435932]]
X1 = 
[[ 4.2924416   0.88184979]
 [ 7.51721572  0.98700627]
 [ 6.34072526  1.51163701]
 [ 8.63743734  0.55237915]
 [ 7.99720593  0.26668322]
 [ 4.10901553  1.0362151 ]
 [ 6.10623267  0.1130894 ]
 [ 2.35974749  0.75558005]
 [ 0.91376812  0.42298837]
 [ 8.33984246  0.5770126 ]
 [ 6.01971931  0.14393273]
 [10.07178131  0.96358077]
 [ 4.46142293  1.03193948]
 [ 6.8344738   1.50182764]
 [ 4.27475305  0.82331917]
 [-0.50887018 -0.30633879]
 [ 3.48017236  0.90417814]
 [ 5.11666131  0.51709099]]
X2 = 
[[ -1.99712734   0.94496336]
 [  6.73693075   0.76693564]
 [ -0.76993239   0.66673993]
 [ -1.50412598  -0.13338379]
 [ -2.86569163   1.07488697]
 [ -2.94063606   1.20345624]
 [ -0.88470634   1.06631318]
 [  3.75715383   1.32761565]
 [  0.73283086   0.675134  ]
 [  5.4371926    1.76809489]
 [  5.92596425   1.69733689]
 [ 11.94262429   2.15962925]
 [  7.20399743   1.48034239]
 [  4.66206551   0.80746176]
 [ -5.99026299   0.58259101]
 [-15.82933222   0.05519963]
 [  2.24194857   1.62051073]
 [  0.65514731   1.26824674]]
y = 
[1 1 1 1 1 1 1 1 0 1 1 1 1 1 1 0 1 1 0 1 0 0 0 0 0 1 0 1 1 1 1 1 0 0 1 0]