Criteria: K-means
seed = 134
Time[min] = 8.56320063273112e-05
mu1 = 
[8.11403626 4.47764245]
mu2 = 
[7.11670077 6.65271652]
sigma1 = 
[[8.17151967 8.2078972 ]
 [8.2078972  8.24568975]]
sigma2 = 
[[740.46949883 743.86873173]
 [743.86873173 747.28357072]]
X1 = 
[[ 5.45126806  1.78116679]
 [ 9.40902154  5.72330777]
 [ 7.06380529  3.43516339]
 [10.7099438   7.13197152]
 [ 9.62172811  5.94893927]
 [ 8.0080932   4.41680654]
 [ 6.36476899  2.75067369]
 [ 5.39775543  1.74585805]
 [ 7.50749903  3.84105816]
 [ 9.63117212  6.01845578]]
X2 = 
[[  4.86547271   4.39139109]
 [ 15.91134839  15.4867069 ]
 [-20.64738643 -21.23836867]
 [ 32.02572058  31.67753333]
 [ 22.56349662  22.16892974]
 [  9.08215287   8.62558081]
 [ 64.21919699  64.01679187]
 [ -3.17684504  -3.68892534]
 [ 51.88647697  51.62731858]
 [ 18.01611271  17.60198059]]
y = 
[0 0 0 0 0 0 0 0 0 0 0 0 0 1 0 0 1 0 1 0]