Criteria: K-means
seed = 390
Time[min] = 9.781916936238607e-05
mu1 = 
[8.97251678 5.63484484]
mu2 = 
[3.4454966 9.6908514]
sigma1 = 
[[2.95532713 4.49713361]
 [4.49713361 8.06496282]]
sigma2 = 
[[210.97606554 375.98265439]
 [375.98265439 670.66046281]]
X1 = 
[[12.55543373 12.10894334]
 [ 8.75893725  4.96816467]
 [ 9.01447158  5.51772244]
 [ 9.28602868  4.62153536]
 [10.03624046  4.22838485]
 [ 8.65919531  3.40985486]
 [ 8.38762457  4.83226064]
 [11.20796227  7.16616923]
 [ 9.83431417  7.99958358]
 [ 8.570535    5.94779583]
 [ 9.11570835  4.85917189]
 [ 8.48797187  3.77975829]
 [ 8.36491784  5.9305742 ]
 [ 6.34028476  0.69032003]
 [ 8.84105242  5.97701663]
 [ 5.71161733  0.29284255]
 [ 6.69681425  1.52351713]]
X2 = 
[[ 10.64338278  21.31018291]
 [-17.67341912 -27.71108909]
 [ 25.60897141  48.34833276]
 [-10.34599578 -15.41484435]
 [  1.93142925   7.05258464]
 [ 10.80731473  22.09637877]
 [ 14.7027444   29.43430731]
 [  7.37309635  17.06948623]
 [  7.0380742   16.66838728]
 [-14.19168448 -20.78466972]
 [ 10.43763102  22.93554415]
 [  9.74233416  21.28036661]
 [ 13.15915362  27.21360518]
 [ -4.41177506  -4.45837304]
 [ 26.76396695  48.84834675]
 [ -3.31210028  -1.71673441]
 [ -0.92354362   1.72285904]]
y = 
[0 0 0 0 0 0 0 0 0 0 0 0 0 0 0 0 0 1 0 1 0 0 1 1 1 1 0 1 1 1 0 1 0 0]