Criteria: K-means
seed = 355
Time[min] = 8.674860000610352e-05
mu1 = 
[2.31229479 4.52086285]
mu2 = 
[6.28781384 1.99337456]
sigma1 = 
[[1.08139107 1.89050023]
 [1.89050023 8.05783252]]
sigma2 = 
[[ 36.90931783 154.37771244]
 [154.37771244 652.86064098]]
X1 = 
[[1.24867542 5.13930189]
 [1.51467096 1.27488779]
 [3.67214239 6.71144341]
 [0.93567656 5.20583813]
 [1.93072215 6.97160303]
 [3.66463949 7.62336422]
 [3.12113604 8.83396348]
 [3.2203225  4.0024031 ]
 [2.13889497 0.44394842]
 [2.3185724  8.98022966]]
X2 = 
[[ -0.42944453 -23.42829169]
 [ -7.92621697 -50.02812468]
 [ -3.52169657 -37.75989643]
 [ 14.39773072  39.32501929]
 [ 17.11091752  48.82131178]
 [ 12.44904313  26.07888927]
 [ -2.819235   -32.79426678]
 [ 14.67305121  36.97135021]
 [  7.10880118   5.56309956]
 [  0.15226948 -23.76650603]]
y = 
[1 1 1 1 1 1 1 1 1 1 0 0 0 1 1 1 0 1 1 0]