Criteria: K-means
seed = 247
Time[min] = 8.32676887512207e-05
mu1 = 
[3.66180325 9.07541502]
mu2 = 
[8.56243458 5.51830393]
sigma1 = 
[[0.76446659 0.84900296]
 [0.84900296 1.8541744 ]]
sigma2 = 
[[ 7.79246946 16.39103001]
 [16.39103001 35.10043324]]
X1 = 
[[5.0340735  9.2228066 ]
 [3.47780994 9.69554164]
 [3.56927112 8.91314876]
 [4.08246821 8.97288101]
 [3.78234671 8.21552347]
 [4.22588827 8.80063125]]
X2 = 
[[ 3.7499889  -4.15381841]
 [10.4336239  10.59179586]
 [10.58160175 11.40904506]
 [ 4.85450233 -2.52545713]
 [ 4.54513922 -3.53942369]
 [ 6.65570187  3.1074684 ]]
y = 
[0 0 0 0 0 0 1 0 0 1 1 1]