Criteria: -lndet(H1+H2)
seed = 121
Time[min] = 0.16741770108540852
mu1 = 
[1.11330828 2.10767575]
mu2 = 
[5.557906   7.45523942]
sigma1 = 
[[0.28514301 0.81321171]
 [0.81321171 2.35317823]]
sigma2 = 
[[ 6.69443944 19.36820264]
 [19.36820264 56.0357912 ]]
X1 = 
[[ 0.28165455  0.91091546  0.48077341  1.57491375  1.09537962  0.81087964
   0.44681097  2.68538145  0.51069572]
 [-0.54101394  1.48745593 -0.08465432  3.30555091  1.96316919  1.34646691
   0.33482722  6.86542122  0.45664991]]
X2 = 
[[ 8.75978435  4.29346103  6.14360512  1.1038596  11.88200011  8.02039158
   2.80706221  3.67957849  9.10799026]
 [16.69687294  3.80153235  9.15104854 -5.41882455 25.75099286 14.55035976
  -0.50086446  2.02112172 17.73216583]]
H1 = 
[[219.14564551 -72.37434996]
 [-72.37434996  24.08593078]]
H2 = 
[[281.12621579 -96.96030935]
 [-96.96030935  33.45369797]]
tail_H1 = 41.63030302543292
tail_H2 = 2508.947987452391
centre_1 = 
[1.36600903 2.8401824 ]
centre_2 = 
[ 6.49284419 10.16579516]
y = 
[-0. -0. -0. -0. -0. -0. -0. -0. -0.  1.  1.  1.  1.  1.  1.  1.  1.  1.]