Criteria: -lndet(H1+H2)
seed = 160
Time[min] = 0.27448151508967084
mu1 = 
[8.33392825 3.23434575]
mu2 = 
[1.7744367  3.91888142]
sigma1 = 
[[1.0840962  2.35699256]
 [2.35699256 5.20197009]]
sigma2 = 
[[ 56.72940398 125.16525474]
 [125.16525474 276.16034177]]
X1 = 
[[ 8.96756685 10.171682    8.67869539  8.2571463   7.86715501  9.52728774
   6.27143121  8.65134494  8.36704617  9.447648    8.85786995  7.36395367]
 [ 4.59276966  7.91665152  3.53740237  3.20111096  2.59316977  6.32306001
  -1.04577985  3.57487624  3.61790063  5.81353137  3.89979726  1.35625998]]
X2 = 
[[  6.98038131   7.51211547   9.76183624   1.61922567  -9.64678141
   -4.3963556    1.23710971   9.56555974   4.74057902  -1.32614878
    9.03419508 -10.02659954]
 [ 15.40976399  16.62058476  21.5039739    3.58848393 -21.29141504
   -9.69941395   2.75122503  21.12480337  10.44506718  -2.95708154
   19.92553116 -22.17538191]]
H1 = 
[[ 37.07882158 -16.24395396]
 [-16.24395396   7.22435033]]
H2 = 
[[ 39.9735568  -18.11652038]
 [-18.11652038   8.21691896]]
tail_H1 = 1749.0822941134475
tail_H2 = 0.0064332010515304175
centre_1 = 
[8.43580144 3.58449078]
centre_2 = 
[-0.14415566 -0.34438437]
y = 
[-0. -0. -0. -0. -0. -0. -0. -0. -0. -0. -0. -0.  1.  1.  1.  1.  1.  1.
  1.  1.  1.  1.  1.  1.]