Criteria: -lndet(H1+H2)
seed = 542
Time[min] = 0.7704148014386495
mu1 = 
[0.8214321  7.25197334]
mu2 = 
[6.80868605 9.48015015]
sigma1 = 
[[6.80167128 2.4680526 ]
 [2.4680526  1.06902945]]
sigma2 = 
[[107.17556851  43.17109154]
 [ 43.17109154  17.51952322]]
X1 = 
[[-0.64470102  5.20429893  4.83563592  1.47411764 -3.09630731  1.28263666
  -2.73606672  0.19940325  1.22169218 -0.42933296  0.63160738 -2.09196922
  -0.88720064  2.19418415  2.40747942 -0.44383536 -1.39352297  5.06007696
  -0.82041787  1.1591822  -2.26179952  0.86562895]
 [ 6.64082171  9.04752038  9.22858587  7.44782601  5.78023581  8.24006859
   5.57750357  7.40303051  8.66529983  6.64295281  6.77556448  6.85418208
   6.72910841  7.7331916   8.26451776  6.59110078  6.14761486  8.50608392
   6.80946974  7.69491533  6.61464697  6.70472683]]
X2 = 
[[  4.99388842  14.25075374  12.71330493  28.47133866  13.55364907
  -13.22686298   1.84783627  17.73927287   9.51038772   7.69108065
   18.3706489   10.5855689   -3.91771479 -18.32477795   2.12275441
   -8.24512234   1.37914453  -7.1319296   33.68811565  21.23588831
    4.10527666  20.97566973]
 [  8.5553672   11.91078684  11.73869583  17.80507859  12.13536514
    1.52837746   7.46924815  14.38484427  10.97487026  10.0835386
   14.06657683  11.64553451   5.0574581   -0.71346295   7.51675433
    3.28616808   7.22096265   4.29961188  20.65533532  15.33858618
    8.12262739  15.12896814]]
H1 = 
[[ 323.62303546 -823.49338591]
 [-823.49338591 2107.03726944]]
H2 = 
[[ 8.81557172e-08 -2.14951132e-07]
 [-2.14951132e-07  5.36867460e-07]]
tail_H1 = 110434.2115115583
tail_H2 = 3.0000058057892582
centre_1 = 
[1.25997163 7.73186387]
centre_2 = 
[40.75861499 21.11398807]
y = 
[ 1.          1.          1.          1.          1.          1.
  1.          1.          1.          1.          1.          1.
  1.          1.          1.          1.          1.          1.
  1.         -0.          1.          1.          1.          0.9999999
  1.          1.          1.          1.          1.          1.
  1.          1.          1.          1.          1.          0.99999975
  1.          1.          1.          1.          0.99999997  1.
  1.          1.        ]