Criteria: -lndet(H1+H2)
seed = 183
Time[min] = 0.3888441681861877
mu1 = 
[8.23353363 8.92622324]
mu2 = 
[2.24760718 6.72066914]
sigma1 = 
[[2.89018531 2.87513967]
 [2.87513967 3.59807715]]
sigma2 = 
[[ 91.01745226 111.75942998]
 [111.75942998 137.72802015]]
X1 = 
[[10.56229586  8.22444661  7.09143844  7.54418742 11.1023934   9.17758701
  10.39507447  9.61715586  5.30044005  6.77886061  7.38835461  6.22070218
   7.59325772  8.81146074]
 [10.88782079  9.24717568  7.32633464  9.06617656 13.4656015  10.87374498
  10.39003874  9.19751779  5.74254903  7.39724524  8.6024301   8.15749553
   8.11125405  9.13051996]]
X2 = 
[[-1.61822399 -4.00356807 13.01720733 -9.31431833 13.3883222   4.20939303
  -1.76385445  0.8991801   0.75910184 -9.4831249   7.08938909  7.79034396
  17.97703354 -1.73349353]
 [ 1.9429153  -0.88270991 19.71677378 -6.73322867 21.04709915  8.81339936
   1.15896125  5.98769206  6.05535425 -6.96232968 13.1313615  14.40283885
  26.47787512  1.52592379]]
H1 = 
[[ 77.12789953 -60.53191226]
 [-60.53191226  53.95269958]]
H2 = 
[[ 3.40101868e-08 -2.96205960e-08]
 [-2.96205960e-08  2.73988038e-08]]
tail_H1 = 1068.9749151445174
tail_H2 = 2.999996960777917
centre_1 = 
[4.26639853 8.86704445]
centre_2 = 
[15.0615611  11.00951405]
y = 
[ 1.          1.          1.          1.          1.          1.
  1.          0.99999998  1.          1.          1.          1.
  1.          1.          1.          1.          1.          1.
  1.         -0.          1.          1.          1.          1.
  1.          1.          0.99999997  1.        ]