Criteria: -lndet(H1+H2)
seed = 131
Time[min] = 0.220008385181427
mu1 = 
[6.50153605 9.48109166]
mu2 = 
[2.39466776 2.54157067]
sigma1 = 
[[4.26317404 1.07987925]
 [1.07987925 0.63710607]]
sigma2 = 
[[29.83604486 11.48368939]
 [11.48368939  5.22518058]]
X1 = 
[[ 9.44583257  8.23331244  5.82903159  6.10159979  8.15380655  9.63494379
   8.8832299   5.91174221  8.34691609  7.29983675]
 [10.10701567 10.07962622  8.43826336 10.65693589  9.71138395 10.49276665
  10.36611154  9.88581897 10.56610062  9.89619678]]
X2 = 
[[ -6.32208657   8.91927324 -10.97338971  -4.4916703    3.70673896
   -1.69540774  10.54352317   8.47734917  -2.01543007  -2.9787586 ]
 [ -2.05395962   4.87457699  -2.31288656   0.10905741   3.68426069
    1.6648112    7.47632528   5.60198701   0.71936665  -0.93304459]]
H1 = 
[[ 1.69028927e-08 -2.46984179e-08]
 [-2.46984179e-08  4.35704941e-08]]
H2 = 
[[ 36.91486201 -42.1219815 ]
 [-42.1219815   70.17595197]]
tail_H1 = 2.9999987291607155
tail_H2 = 540.5185262675585
centre_1 = 
[25.78560751 20.13593414]
centre_2 = 
[-1.64066187  1.70109417]
y = 
[-0.00000000e+00 -0.00000000e+00 -0.00000000e+00  4.46700704e-08
 -0.00000000e+00 -0.00000000e+00 -0.00000000e+00 -0.00000000e+00
 -0.00000000e+00 -0.00000000e+00 -0.00000000e+00  3.92666087e-08
 -0.00000000e+00 -0.00000000e+00 -0.00000000e+00  1.00000000e+00
 -0.00000000e+00 -0.00000000e+00 -0.00000000e+00 -0.00000000e+00]