Criteria: -lndet(H1+H2)
seed = 274
Time[min] = 0.8202436486879985
mu1 = 
[2.82495408 6.00750412]
mu2 = 
[9.56290661 1.25300995]
sigma1 = 
[[0.11438893 0.10900937]
 [0.10900937 0.28774413]]
sigma2 = 
[[0.13191526 0.32613753]
 [0.32613753 0.83984986]]
X1 = 
[[3.39838319 2.837693   2.89267113 3.14260744 2.8186018  3.2928024
  2.91132795 3.35091205 2.57212818 2.86165178 2.98344735 2.54951689
  2.59490398 3.3607314  2.9462015  2.6623325  2.8718583  2.75059368
  2.84553877 3.34454699 2.7630882 ]
 [6.81218651 5.85635228 5.92505431 6.16504704 6.24802064 6.60338764
  6.00090056 6.10504294 6.26229253 6.1148244  6.1259422  5.68932177
  5.95143915 6.38702017 6.14953149 5.89181265 6.12620028 6.14453717
  5.16201869 6.55763069 5.59658013]]
X2 = 
[[ 9.25372395 10.0522713   9.9453947   9.08032183  9.86441209  9.9431698
   9.67818922 10.37339377  9.56094762  9.63032992  9.82948682  9.85269059
   9.35234792  9.44272945  8.67683057  9.13177383  9.14075814 10.00187188
   9.62305429  9.38397311  9.47665951]
 [ 0.37441005  2.52665591  2.07950158  0.044087    2.09084752  2.26465627
   1.39026798  2.81635201  1.07696125  1.30710126  2.35076784  2.03479287
   0.62603088  0.8290071  -0.94925461  0.32214072  0.2033739   2.03215959
   1.47510036  0.87601943  1.06247708]]
H1 = 
[[23.74431911 -9.87721484]
 [-9.87721484  4.91713057]]
H2 = 
[[17.51378003 -4.60147722]
 [-4.60147722  4.29143054]]
tail_H1 = 1966.8991319442703
tail_H2 = 144.91672882274432
centre_1 = 
[9.50369305 0.97118283]
centre_2 = 
[2.92951239 6.07570755]
y = 
[ 1.  1.  1.  1.  1.  1.  1.  1.  1.  1.  1.  1.  1.  1.  1.  1.  1.  1.
  1.  1.  1. -0. -0. -0. -0. -0. -0. -0. -0. -0. -0. -0. -0. -0. -0. -0.
 -0. -0. -0. -0. -0. -0.]