Criteria: -lndet(H1+H2)
seed = 173
Time[min] = 0.30970081488291423
mu1 = 
[0.9325748  7.09215033]
mu2 = 
[4.16697658 6.72828749]
sigma1 = 
[[3.6685152  4.78153276]
 [4.78153276 6.23819964]]
sigma2 = 
[[242.08855916 315.82268525]
 [315.82268525 412.01440353]]
X1 = 
[[-1.62279482 -1.34228575 -0.82915405  3.40939194  0.73801129 -1.27177301
   0.88255166 -0.05097897  0.47402967  1.48866988 -0.39796575  1.71742122
  -0.59212464]
 [ 3.72986759  4.2195683   4.81480721 10.41916438  6.97561407  4.22175184
   7.05537721  5.78591137  6.49189454  7.75027827  5.13575337  8.23004246
   5.05374119]]
X2 = 
[[ 28.48162659 -10.16200016   6.272669   -23.3644548   -3.78455784
   -8.04990315 -13.77297256  -4.14460589  -4.50411179  12.4921129
   18.67069837   8.94564093   3.4165909 ]
 [ 38.45447717 -11.96905472   9.47451578 -29.19261808  -3.64244798
   -9.20486057 -16.68163961  -4.11634212  -4.59092245  17.59302367
   25.64684367  12.96111018   5.7542787 ]]
H1 = 
[[ 151.76965374 -116.32088524]
 [-116.32088524   89.15446086]]
H2 = 
[[116.32665623 -87.67297577]
 [-87.67297577  66.30205839]]
tail_H1 = 144.4710528601186
tail_H2 = 2273.548826855788
centre_1 = 
[2.58102119 4.64033159]
centre_2 = 
[0.74600751 6.84201532]
y = 
[ 1.          1.          1.          1.          0.99999994  1.
  1.          1.          1.          1.          1.          1.
  1.         -0.         -0.         -0.         -0.         -0.
 -0.         -0.         -0.         -0.         -0.         -0.
 -0.         -0.        ]