Criteria: -lndet(H1+H2)
seed = 261
Time[min] = 0.25220253070195514
mu1 = 
[8.00935924 4.85810694]
mu2 = 
[9.44156192 1.42929436]
sigma1 = 
[[4.3912769  4.38524952]
 [4.38524952 5.05991554]]
sigma2 = 
[[211.58744633 241.14676668]
 [241.14676668 275.25786569]]
X1 = 
[[ 8.69177304  9.62787538  6.54175509 10.06073143  5.16160078 10.84263625
  10.4095475   6.2479873   5.97003658]
 [ 4.28224791  7.60568848  4.12730401  6.76022595  3.37479667  9.15164557
   6.67530078  1.82978428  2.49237222]]
X2 = 
[[ 21.90921686 -21.8793609   -8.39361277  13.69818104  -2.10878941
   -4.38378702 -16.32453864  39.13715178  13.33759577]
 [ 16.33445915 -34.97515651 -17.79161637   5.82957762 -12.91247321
  -14.92145131 -27.75784305  34.84139841   5.68228671]]
H1 = 
[[ 5.34835724e-09 -4.76612260e-09]
 [-4.76612260e-09  4.26490845e-09]]
H2 = 
[[ 52.87912392 -46.23392465]
 [-46.23392465  41.63746649]]
tail_H1 = 2.9999995485431894
tail_H2 = 3729.0913016509326
centre_1 = 
[-46.66833844 -52.77472976]
centre_2 = 
[13.20854859  5.55451334]
y = 
[-0.00000000e+00 -0.00000000e+00 -0.00000000e+00 -0.00000000e+00
  3.60928088e-09 -0.00000000e+00 -0.00000000e+00 -0.00000000e+00
 -0.00000000e+00 -0.00000000e+00  3.82967274e-09 -0.00000000e+00
 -0.00000000e+00 -0.00000000e+00 -0.00000000e+00 -0.00000000e+00
 -0.00000000e+00  1.00000000e+00]