Criteria: -lndet(H1+H2)
seed = 287
Time[min] = 0.25404783089955646
mu1 = 
[1.44485231 7.1075312 ]
mu2 = 
[9.5515133  0.33357888]
sigma1 = 
[[6.71557363 0.33369245]
 [0.33369245 0.05230729]]
sigma2 = 
[[46.2124357   2.41548171]
 [ 2.41548171  0.13871117]]
X1 = 
[[ 0.57389217  7.37881984 -0.40801522 -0.07049001 -0.30573622  0.74351665
  -3.15181445  1.20887689  1.39714608  1.52807255  4.72891372]
 [ 6.91879196  7.16710695  7.12955537  6.89102402  6.62126377  7.21400105
   7.17970705  6.8402255   7.22152976  6.75145308  7.13455978]]
X2 = 
[[-0.42060302  4.91711888 14.46434005  4.53188064 14.46168135 11.8092648
   7.16179857 -2.91014194  8.11962932 17.17143577  1.58382864]
 [-0.39724813 -0.13469301  0.62063715  0.34981303  0.59082247  0.3719953
   0.21573996 -0.2531063   0.46285534  0.82305116  0.08658693]]
H1 = 
[[ 0.07374688 -0.39360623]
 [-0.39360623 25.79353074]]
H2 = 
[[ 0.1392925  -1.97827123]
 [-1.97827123 35.30045587]]
tail_H1 = 1249.7342914500423
tail_H2 = 2.407751679868883
centre_1 = 
[0.98166657 6.97550681]
centre_2 = 
[6.9593943  0.21912231]
y = 
[-0. -0. -0. -0. -0. -0. -0. -0. -0. -0. -0.  1.  1.  1.  1.  1.  1.  1.
  1.  1.  1.  1.]