Criteria: -lndet(H1+H2)
seed = 290
Time[min] = 0.9273631970087687
mu1 = 
[2.73412584 2.62460988]
mu2 = 
[9.66719437 5.83926593]
sigma1 = 
[[0.55856243 0.26235438]
 [0.26235438 0.17225209]]
sigma2 = 
[[1.0002902  0.59845222]
 [0.59845222 0.36553766]]
X1 = 
[[0.77450078 2.5373956  3.23132101 3.32009337 2.47882234 3.27844213
  3.16032621 3.64425563 0.71383413 3.41285911 3.34895469 2.92834539
  2.52798141 1.93851167 2.45647624 4.10904231 3.01022925 3.13882702
  3.49370034 2.00075726 1.73507033 1.73892524]
 [1.88441562 2.51888413 2.74285193 3.13940033 2.59980715 3.03836009
  3.01239403 2.87597387 1.83308161 2.84460089 2.85685309 2.81989114
  2.78732879 1.93098992 2.26671126 3.35058712 2.55184096 2.72394598
  2.85522897 2.11417469 1.93670241 2.58903549]]
X2 = 
[[ 9.0220052  10.8812239   8.40272741  8.29839818 10.52140199  9.77430365
  10.97456299  8.34624041  8.97289627 12.32178653 10.54116183  9.38468447
   9.88573697  8.31420693 10.11629638 10.57220874  7.97616302 11.30866229
  10.84190802  9.17681002  8.50314528  9.76340409]
 [ 5.53189453  6.52232708  5.18373437  4.92612624  6.28174319  5.78808295
   6.60400691  4.98887798  5.38901803  7.41656925  6.25082808  5.50825097
   6.16644478  5.01446146  6.20738181  6.36197445  4.73823789  6.66934087
   6.48415581  5.57097189  5.2264421   5.86030553]]
H1 = 
[[ 4.08200665e-06 -8.34998208e-06]
 [-8.34998208e-06  1.74645795e-05]]
H2 = 
[[ 1979.55006841 -4155.67712093]
 [-4155.67712093  8833.23931534]]
tail_H1 = 2.999999238972644
tail_H2 = 18153.849868173493
centre_1 = 
[13.41786867  7.27885171]
centre_2 = 
[4.14493698 3.36679292]
y = 
[-0.00000000e+00 -0.00000000e+00 -0.00000000e+00 -0.00000000e+00
 -0.00000000e+00 -0.00000000e+00 -0.00000000e+00 -0.00000000e+00
 -0.00000000e+00 -0.00000000e+00 -0.00000000e+00 -0.00000000e+00
 -0.00000000e+00 -0.00000000e+00 -0.00000000e+00  1.00000000e+00
 -0.00000000e+00 -0.00000000e+00 -0.00000000e+00 -0.00000000e+00
 -0.00000000e+00 -0.00000000e+00 -0.00000000e+00 -0.00000000e+00
 -0.00000000e+00 -0.00000000e+00 -0.00000000e+00 -0.00000000e+00
 -0.00000000e+00 -0.00000000e+00 -0.00000000e+00  1.61720985e-07
 -0.00000000e+00 -0.00000000e+00 -0.00000000e+00 -0.00000000e+00
 -0.00000000e+00 -0.00000000e+00  2.02667347e-07 -0.00000000e+00
 -0.00000000e+00 -0.00000000e+00 -0.00000000e+00 -0.00000000e+00]