Criteria: -lndet(H1+H2)
seed = 157
Time[min] = 0.2576713800430298
mu1 = 
[7.97402065 5.85220572]
mu2 = 
[2.48974   4.5374224]
sigma1 = 
[[0.73825174 1.84489357]
 [1.84489357 4.61529493]]
sigma2 = 
[[ 34.58133836  86.5092751 ]
 [ 86.5092751  216.41310501]]
X1 = 
[[9.47607828 7.9257875  7.51890049 7.0096613  7.26285913 8.94170765
  7.46520049 8.59750524 7.00494739 7.9783223  7.64414204 7.80039881]
 [9.58556306 5.68580539 4.75843372 3.43141941 3.97802129 8.19587769
  4.52482358 7.42017144 3.55281707 5.87331976 5.00089552 5.40816433]]
X2 = 
[[11.3134056   4.61120442  2.8073465  10.18546818  6.39236395  4.23158379
   8.20904753 -1.75320155 -1.53823189  3.40047098  4.80194288  7.81169913]
 [26.60841083  9.84259772  5.33193537 23.78983188 14.301118    8.89496831
  18.84041041 -6.07500721 -5.53954999  6.81560028 10.32198022 17.85192048]]
H1 = 
[[ 78.35394352 -31.08688123]
 [-31.08688123  12.64828729]]
H2 = 
[[ 80.52247082 -32.04141773]
 [-32.04141773  12.76083751]]
tail_H1 = 2514.3700810990854
tail_H2 = 39.82879640106247
centre_1 = 
[8.23629377 6.51943298]
centre_2 = 
[ 4.78818706 10.29155112]
y = 
[-0.00000000e+00 -0.00000000e+00 -0.00000000e+00 -0.00000000e+00
  2.40911237e-09  1.72741968e-08 -0.00000000e+00 -0.00000000e+00
 -0.00000000e+00 -0.00000000e+00 -0.00000000e+00 -0.00000000e+00
  1.00000000e+00  1.00000000e+00  1.00000000e+00  1.00000000e+00
  1.00000000e+00  1.00000000e+00  1.00000000e+00  1.00000000e+00
  1.00000000e+00  1.00000000e+00  1.00000000e+00  1.00000000e+00]