Criteria: -lndet(H1+H2)
seed = 248
Time[min] = 0.7955488681793212
mu1 = 
[6.91986619 4.85035006]
mu2 = 
[1.94407434 5.09138758]
sigma1 = 
[[ 3.24946006  5.67967854]
 [ 5.67967854 10.56020061]]
sigma2 = 
[[ 333.14647414  618.24133647]
 [ 618.24133647 1147.43711687]]
X1 = 
[[ 6.70175001  3.90722705  5.52946439  8.61313177  4.67271878  6.96253596
   4.58687486  5.7735858   4.26635103  4.83696626 10.30694014  3.8776992
   5.26842575  8.70156767  7.8606791   5.45238331  6.43329322  4.20130021
   5.01861056]
 [ 5.02586298 -0.69882781  3.35292752  9.14067664  1.22025395  3.48985266
   1.43516343  3.47459873 -0.43043385  1.90369963 10.88042408 -0.8643578
   1.76420975  8.04848908  6.31544099  2.40644676  4.53720151 -0.09527431
   1.75264   ]]
X2 = 
[[  1.44015328 -17.02036244 -21.17130541 -21.05789523  -7.89192721
  -16.76614288  -0.249711    -8.03024342  24.10166462  27.60371994
   -2.14987094  34.38752961  11.94482999 -16.56401763   5.70579075
  -10.54911048   8.95027746  30.01047198  11.19308314]
 [  3.80930238 -30.48574667 -37.44673321 -37.83018518 -13.40500006
  -29.97632632   1.15305368 -14.11218947  45.28226781  52.56341189
   -2.20456177  66.08193159  23.45383136 -28.7917146   11.77157458
  -18.33981294  18.26501744  57.87985377  22.52443883]]
H1 = 
[[ 65.0009499  -33.3046074 ]
 [-33.3046074   17.73034217]]
H2 = 
[[ 2.55796464e-07 -1.38851603e-07]
 [-1.38851603e-07  7.54452016e-08]]
tail_H1 = 103.52837749090615
tail_H2 = 2.9999926489920505
centre_1 = 
[ 5.79478632 11.90838675]
centre_2 = 
[44.74801958 66.51854156]
y = 
[ 1.          1.          1.          1.          1.          0.99999995
  1.          1.          1.          1.          1.          1.
  1.          1.          1.          1.          1.          1.
  1.          1.          1.          1.          1.          1.
  1.          1.          1.          1.          1.          1.
  0.99999994  1.          1.         -0.          1.          1.
  1.          1.        ]