Criteria: -lndet(H1+H2)
seed = 386
Time[min] = 0.23327629963556926
mu1 = 
[7.38202981 4.40828662]
mu2 = 
[4.07741985 1.14927631]
sigma1 = 
[[0.79213126 1.5024461 ]
 [1.5024461  9.71598931]]
sigma2 = 
[[ 23.20091463 147.16763653]
 [147.16763653 946.26182698]]
X1 = 
[[ 9.09154677  6.87647039  5.91277919  7.03958207  5.92393559  7.85103774
   7.82588476  6.72568035  4.74108493  6.09150723]
 [10.33481298  4.0625232   1.2895976   0.69161759  4.48335779  7.92960427
   7.27264738  6.40320567 -1.31942176  2.96641586]]
X2 = 
[[ 2.67893024e+00  4.29395652e+00  8.69317169e+00  5.03661219e+00
   2.32673101e+00  1.37557519e+00 -2.12551866e-02  7.56378304e+00
  -1.61454755e+00  6.58562527e+00]
 [-9.56814127e+00  3.28908460e+00  2.65905144e+01  1.17253125e+01
  -1.01897352e+01 -2.72623339e+01 -3.31603886e+01  2.55454736e+01
  -3.63137201e+01  1.86105370e+01]]
H1 = 
[[310.67886934 -51.9901063 ]
 [-51.9901063   10.26761106]]
H2 = 
[[ 3.12472262e-07 -4.75465260e-08]
 [-4.75465260e-08  8.14457235e-09]]
tail_H1 = 7658.379420289955
tail_H2 = 3.00000409992772
centre_1 = 
[ 4.74633804 -1.29530475]
centre_2 = 
[11.9034064 41.0784342]
y = 
[ 0.99999986  1.          1.          1.          1.          1.
  1.          1.         -0.          1.          1.          1.
  1.          1.          1.          1.          1.          0.99999985
  0.99999967  1.        ]