Criteria: -lndet(H1+H2)
seed = 352
Time[min] = 0.44914655288060507
mu1 = 
[8.7293472  5.61688211]
mu2 = 
[1.19531368 6.43251063]
sigma1 = 
[[0.15534806 0.41281878]
 [0.41281878 1.20726063]]
sigma2 = 
[[ 1.72832651  5.04792926]
 [ 5.04792926 14.74520166]]
X1 = 
[[9.1951397  8.39541677 8.51869531 8.26386304 8.79251085 8.51011574
  8.38955604 8.04473084 8.59503475 8.59329335 8.63986841 9.09688058
  8.71525738 8.39494017 8.72707638 8.41183158]
 [6.05308361 4.40281362 4.89546739 4.76197877 5.8872664  4.76564693
  4.77389021 3.9676626  5.29606804 5.07255549 5.39519416 6.62168924
  5.53691432 4.57667853 5.21659219 5.11419335]]
X2 = 
[[-0.22216222  3.14026186 -0.12159478  0.66258642  1.23930959  3.80713033
   2.26006668  0.99593316  2.87874896  0.22323958  1.2446957   1.58525787
   2.41044529  0.39914337  3.75750682  0.56650106]
 [ 2.35067479 12.14151844  2.62215663  4.87627182  6.63521654 14.05939693
   9.5158881   5.84996729 11.35577991  3.61647494  6.550403    7.57934168
   9.96808023  4.14634989 13.90942403  4.5447947 ]]
H1 = 
[[ 30.069363   -10.49385633]
 [-10.49385633   3.74900788]]
H2 = 
[[ 28.25798047 -10.70118661]
 [-10.70118661   5.66819827]]
tail_H1 = 40.778399236937446
tail_H2 = 1289.1981311598595
centre_1 = 
[1.78107388 8.1929314 ]
centre_2 = 
[8.6325643  5.27296432]
y = 
[ 1.  1.  1.  1.  1.  1.  1.  1.  1.  1.  1.  1.  1.  1.  1.  1. -0. -0.
 -0. -0. -0. -0. -0. -0. -0. -0. -0. -0. -0. -0. -0. -0.]