Criteria: -lndet(H1+H2)
seed = 144
Time[min] = 0.2457494854927063
mu1 = 
[0.93344058 8.90943013]
mu2 = 
[4.59043819 8.07376173]
sigma1 = 
[[0.52837432 1.22045611]
 [1.22045611 3.08605358]]
sigma2 = 
[[15.17431061 38.30878713]
 [38.30878713 96.72677993]]
X1 = 
[[ 1.23640424  1.83141097  0.48447495  0.85634209  0.48952442  0.35778676
   2.18771076  1.28255925 -0.40884936  0.68635857  0.3768646 ]
 [10.10878569 11.6158309   6.59640507  8.88276376  7.95791065  8.04288145
  11.93697438  9.17521904  4.93212753  7.87060623  7.50004993]]
X2 = 
[[  3.74235271   6.71311142   5.74741323  -0.22339072   3.7028626
    6.00146393  -3.23649631  11.00570532  11.50836614   5.52225814
    5.71714546]
 [  6.00800966  13.45157352  11.02606076  -4.24074384   5.8070622
   11.61441975 -11.56396174  24.12153362  25.40132019  10.37642783
   10.95021284]]
H1 = 
[[24.71134081 -8.76418498]
 [-8.76418498  3.34190915]]
H2 = 
[[111.21410625 -44.41321946]
 [-44.41321946  17.74503209]]
tail_H1 = 131.09172731691447
tail_H2 = 215.21618560656617
centre_1 = 
[0.87054262 8.51477263]
centre_2 = 
[4.19257233 7.01856477]
y = 
[-0. -0. -0. -0. -0. -0. -0. -0. -0. -0. -0.  1.  1.  1.  1.  1.  1.  1.
  1.  1.  1.  1.]