Criteria: -lndet(H1+H2)
seed = 477
Time[min] = 0.5266324003537496
mu1 = 
[2.12533307 5.30021952]
mu2 = 
[7.82371593 5.40595059]
sigma1 = 
[[2.30653998 1.01178869]
 [1.01178869 0.68723541]]
sigma2 = 
[[15.55729011  9.28710117]
 [ 9.28710117  5.74664143]]
X1 = 
[[ 3.18996864  2.17362912  2.02825289  3.3110984   1.42147765  3.27330967
  -0.66857644  3.97564181  1.72317439 -0.82582286  0.9920455   0.92344488
   3.20879007  1.76930471  1.8171041   1.52287157  1.45483605]
 [ 6.42076134  4.47532997  5.96909373  6.62849856  4.9864762   6.11882906
   4.65341781  6.22056319  4.36193757  3.43337949  4.63867189  4.14384112
   6.02693613  5.33331059  6.00126914  5.37287013  4.58143841]]
X2 = 
[[ 5.88322495 10.15553724  6.61215042 12.16226529  5.29692904 12.59324754
   6.79973936 12.40358138  6.27927811  1.58940005 11.60819948  3.56997439
  10.6940395   9.27325476  6.31185719 -1.40065969  7.08192815]
 [ 4.86044354  6.6767403   4.76553871  8.35532485  3.49157582  8.34997031
   4.69152214  7.49273052  4.5805693   1.66854416  7.77837457  3.54658276
   7.42988055  7.59767658  3.65795281 -0.82839883  5.3913244 ]]
H1 = 
[[ 4.86607949e-08 -7.66332691e-08]
 [-7.66332691e-08  1.74855158e-07]]
H2 = 
[[ 56.78878603 -80.68866949]
 [-80.68866949 189.94503303]]
tail_H1 = 2.9999985727017044
tail_H2 = 1084.958868950684
centre_1 = 
[8.00431582 7.34649342]
centre_2 = 
[3.58789785 3.56635597]
y = 
[-0.00000000e+00 -0.00000000e+00 -0.00000000e+00 -0.00000000e+00
 -0.00000000e+00 -0.00000000e+00  1.60002850e-07 -0.00000000e+00
 -0.00000000e+00 -0.00000000e+00 -0.00000000e+00 -0.00000000e+00
 -0.00000000e+00 -0.00000000e+00  7.92159844e-08 -0.00000000e+00
 -0.00000000e+00 -0.00000000e+00 -0.00000000e+00 -0.00000000e+00
 -0.00000000e+00 -0.00000000e+00  5.70470351e-08 -0.00000000e+00
 -0.00000000e+00 -0.00000000e+00 -0.00000000e+00 -0.00000000e+00
  1.00000000e+00 -0.00000000e+00 -0.00000000e+00 -0.00000000e+00
 -0.00000000e+00 -0.00000000e+00]