Criteria: -lndet(H1+H2)
seed = 555
Time[min] = 0.9063064138094584
mu1 = 
[7.17834087 0.47855133]
mu2 = 
[9.45919181 3.39990587]
sigma1 = 
[[5.60320291 1.52825158]
 [1.52825158 0.54137384]]
sigma2 = 
[[54.75141177 16.83665798]
 [16.83665798  5.26640924]]
X1 = 
[[ 6.42214098  5.58024756  7.32565941  7.2313986   3.10186393  5.45097618
   7.80966342 11.89055522  6.85839413  6.15126389  7.60125683  7.3775227
   4.04428854  3.34286758  7.16153687  9.7837531   8.13734894  7.21095723
   4.00852298 10.22467441  9.88683585  6.18119703  8.55404415]
 [ 0.13449246  0.75868333  0.31585905  0.8457212  -1.12925363 -0.62513957
   0.63423449  1.26280432  1.21125424 -0.14425876  0.52940808  0.51444641
  -0.48799537 -0.1969899   0.75058185  1.37779821  0.17884522  0.65136258
  -0.55925294  1.12179096  0.88160633 -0.02807697  1.24043469]]
X2 = 
[[13.6710463  14.11154204  0.64984116 13.37618109 25.77921726  4.05571287
  16.16234145  5.51582798  2.8783081  17.33610683 14.05593653  3.03531891
   5.55020765 17.79113213 16.71472076 15.69083689  2.07171027  9.02697832
   3.43232201 21.09572694  4.87795149  8.67240952 12.92362372]
 [ 4.38464576  4.79452172  0.73026     4.80694831  8.49187992  1.8786958
   5.39889926  2.63186322  1.4345279   5.90534118  4.87157282  1.49839501
   2.29034505  6.3659977   5.93363297  5.48557116  0.85854523  3.5753112
   1.26988515  6.64714956  1.95125358  2.9709804   4.82086678]]
H1 = 
[[  51.79615355 -116.33625137]
 [-116.33625137  321.98453567]]
H2 = 
[[ 5.14342927e-08 -1.68046845e-07]
 [-1.68046845e-07  6.49981692e-07]]
tail_H1 = 1914.1766052024766
tail_H2 = 2.9999910913637367
centre_1 = 
[13.61800776  4.36103677]
centre_2 = 
[9.37005258 0.74650673]
y = 
[ 1.          1.          1.          1.          0.9999999   1.
  1.          0.99999992  1.          1.          1.          1.
  1.          1.          1.          1.          1.          1.
  1.          1.          1.          1.          1.         -0.
  1.          1.          1.          1.          1.          1.
  1.          1.          1.          1.          1.          1.
  1.          1.          1.          1.          1.          1.
  1.          1.          1.          1.        ]