Criteria: -lndet(H1+H2)
seed = 390
Time[min] = 0.6547301332155864
mu1 = 
[8.97251678 5.63484484]
mu2 = 
[3.4454966 9.6908514]
sigma1 = 
[[2.95532713 4.49713361]
 [4.49713361 8.06496282]]
sigma2 = 
[[210.97606554 375.98265439]
 [375.98265439 670.66046281]]
X1 = 
[[12.55543373  8.75893725  9.01447158  9.28602868 10.03624046  8.65919531
   8.38762457 11.20796227  9.83431417  8.570535    9.11570835  8.48797187
   8.36491784  6.34028476  8.84105242  5.71161733  6.69681425]
 [12.10894334  4.96816467  5.51772244  4.62153536  4.22838485  3.40985486
   4.83226064  7.16616923  7.99958358  5.94779583  4.85917189  3.77975829
   5.9305742   0.69032003  5.97701663  0.29284255  1.52351713]]
X2 = 
[[ 10.64338278 -17.67341912  25.60897141 -10.34599578   1.93142925
   10.80731473  14.7027444    7.37309635   7.0380742  -14.19168448
   10.43763102   9.74233416  13.15915362  -4.41177506  26.76396695
   -3.31210028  -0.92354362]
 [ 21.31018291 -27.71108909  48.34833276 -15.41484435   7.05258464
   22.09637877  29.43430731  17.06948623  16.66838728 -20.78466972
   22.93554415  21.28036661  27.21360518  -4.45837304  48.84834675
   -1.71673441   1.72285904]]
H1 = 
[[ 5.41612697e-08 -3.01049215e-08]
 [-3.01049215e-08  1.68258743e-08]]
H2 = 
[[ 21.12790103 -12.20576833]
 [-12.20576833   8.19743449]]
tail_H1 = 2.999996789486693
tail_H2 = 156.09019401311815
centre_1 = 
[ -6.5859536  -28.30813099]
centre_2 = 
[2.02935245 7.1684319 ]
y = 
[-0.00000000e+00 -0.00000000e+00 -0.00000000e+00 -0.00000000e+00
  1.39535310e-08 -0.00000000e+00 -0.00000000e+00 -0.00000000e+00
 -0.00000000e+00 -0.00000000e+00 -0.00000000e+00 -0.00000000e+00
 -0.00000000e+00 -0.00000000e+00 -0.00000000e+00 -0.00000000e+00
 -0.00000000e+00 -0.00000000e+00 -0.00000000e+00 -0.00000000e+00
 -0.00000000e+00  1.00000000e+00 -0.00000000e+00 -0.00000000e+00
 -0.00000000e+00 -0.00000000e+00 -0.00000000e+00 -0.00000000e+00
 -0.00000000e+00 -0.00000000e+00 -0.00000000e+00  1.54569723e-08
 -0.00000000e+00 -0.00000000e+00]