Criteria: -lndet(H1+H2)
seed = 455
Time[min] = 0.9385587334632873
mu1 = 
[4.12233536 3.57103928]
mu2 = 
[3.18748795 5.79250627]
sigma1 = 
[[0.11159688 0.50448489]
 [0.50448489 9.93514643]]
sigma2 = 
[[  2.55750392  50.1776116 ]
 [ 50.1776116  987.32585102]]
X1 = 
[[ 4.26592743  4.83851237  4.19188311  4.12373855  4.08311541  4.08851369
   4.5381136   4.30229145  4.23629251  3.61725149  3.90609838  3.93225728
   4.40057075  4.38437864  4.25366656  4.25890302  4.18784118  3.71592162
   3.9509704   4.7909997   3.89841549  4.61545025]
 [ 6.82196317 12.22412813  5.04687027  3.07520797  5.43485765  1.47007327
   4.14340914  3.23345555 -0.89136396  0.72716381  4.07906527  0.77946174
   7.9188796   2.62712853  2.54442193  2.82290713  2.7640223   1.87661955
   9.47029837  9.55200747  1.70975258  0.91009718]]
X2 = 
[[  4.46810865   6.4049735    4.11328778   4.412898     2.16914589
    4.54436121   2.4828838    3.9577561    2.69970058   5.03511481
    3.61550113   1.7520745    2.99810731   3.89540346   1.61816779
    3.25540308   1.62702035   0.86490655   2.06555034   6.84459401
    2.35953514   4.10226308]
 [ 30.30085195  72.68032087  22.98705756  30.38670741 -13.27768683
   32.05071266 -11.13870854  21.01350047  -3.33076755  42.34045885
   13.48912698 -23.49817247   2.81426842  19.74193556 -25.03297575
    5.81880016 -25.57133471 -39.31886256 -12.63801334  76.54643958
   -8.68223023  25.70641069]]
H1 = 
[[ 9.91349418e-07 -4.56762211e-08]
 [-4.56762211e-08  2.53566693e-09]]
H2 = 
[[1726.07267664  -81.13432584]
 [ -81.13432584    4.19994519]]
tail_H1 = 2.999999078198652
tail_H2 = 21229.843778887694
centre_1 = 
[ 3.25900665 -7.19404656]
centre_2 = 
[3.95050327 9.50035595]
y = 
[-0.00000000e+00 -0.00000000e+00 -0.00000000e+00 -0.00000000e+00
 -0.00000000e+00 -0.00000000e+00 -0.00000000e+00 -0.00000000e+00
 -0.00000000e+00 -0.00000000e+00 -0.00000000e+00 -0.00000000e+00
 -0.00000000e+00 -0.00000000e+00 -0.00000000e+00 -0.00000000e+00
 -0.00000000e+00 -0.00000000e+00  1.00000000e+00 -0.00000000e+00
 -0.00000000e+00  5.27731278e-07 -0.00000000e+00 -0.00000000e+00
 -0.00000000e+00 -0.00000000e+00 -0.00000000e+00 -0.00000000e+00
 -0.00000000e+00 -0.00000000e+00 -0.00000000e+00 -0.00000000e+00
 -0.00000000e+00 -0.00000000e+00 -0.00000000e+00 -0.00000000e+00
 -0.00000000e+00 -0.00000000e+00 -0.00000000e+00  2.31826253e-07
 -0.00000000e+00 -0.00000000e+00 -0.00000000e+00 -0.00000000e+00]