Criteria: -lndet(H1+H2)
seed = 451
Time[min] = 0.5059342861175538
mu1 = 
[7.72988442 6.63131796]
mu2 = 
[8.87155424 6.00557984]
sigma1 = 
[[0.9277192  0.99630692]
 [0.99630692 1.10175502]]
sigma2 = 
[[10.78693771 11.90115454]
 [11.90115454 13.13126865]]
X1 = 
[[7.87413555 8.51137161 7.51303429 8.36496738 8.27868361 5.62856378
  7.09685843 6.86564791 7.14859083 8.77493691 7.78301205 9.04895087
  5.87482187 7.91252559 8.47066804]
 [6.92104524 7.62916916 6.09285548 6.96626583 7.15069437 4.33776955
  5.91166894 5.39940639 6.33048262 7.67931445 6.74850718 7.66218417
  4.58691866 6.8206672  7.71686706]]
X2 = 
[[10.15851613  9.72166008  8.28369219  4.38759687  2.3275114  12.03946046
  10.18486171 13.25278807 10.59133561  6.03800854  9.29889689 11.68256267
  11.84562698 12.23832124  8.39714233]
 [ 7.42424014  6.84966608  5.35537721  1.00975837 -1.24138464  9.50762588
   7.44581223 10.88997385  7.91791996  2.84268055  6.49052957  9.10477089
   9.2445019   9.72954115  5.46205299]]
H1 = 
[[ 3.67308928e-06 -3.26652004e-06]
 [-3.26652004e-06  2.91542547e-06]]
H2 = 
[[ 506.54210457 -434.5346212 ]
 [-434.5346212   417.96974566]]
tail_H1 = 2.9999175381714998
tail_H2 = 8161.886744688858
centre_1 = 
[41.4266281  48.25578154]
centre_2 = 
[8.26261619 5.33867104]
y = 
[-0.00000000e+00 -0.00000000e+00 -0.00000000e+00 -0.00000000e+00
 -0.00000000e+00 -0.00000000e+00 -0.00000000e+00 -0.00000000e+00
  4.28114676e-08 -0.00000000e+00 -0.00000000e+00 -0.00000000e+00
 -0.00000000e+00 -0.00000000e+00 -0.00000000e+00 -0.00000000e+00
 -0.00000000e+00  1.00000000e+00 -0.00000000e+00  5.73229414e-08
 -0.00000000e+00 -0.00000000e+00 -0.00000000e+00 -0.00000000e+00
 -0.00000000e+00 -0.00000000e+00 -0.00000000e+00 -0.00000000e+00
 -0.00000000e+00 -0.00000000e+00]