Criteria: -lndet(H1+H2)
seed = 381
Time[min] = 0.2927115797996521
mu1 = 
[5.85302252 4.41391091]
mu2 = 
[6.85995891 2.61144448]
sigma1 = 
[[2.9173124  2.13551186]
 [2.13551186 1.5825399 ]]
sigma2 = 
[[54.11482073 40.02528257]
 [40.02528257 29.60473636]]
X1 = 
[[7.19428869 5.35222385 5.34201839 4.9632406  4.79431012 5.84363445
  6.51039638 4.64125505 5.70693058 6.6797019  2.35621062 5.82366435]
 [5.21301901 3.7423709  4.09549459 3.78375954 3.49900641 4.43288645
  5.19717074 3.60037818 4.46135882 4.91478475 1.92308659 4.57131647]]
X2 = 
[[19.4065588   7.37875567 12.60693157 22.39570375 -5.69628552  7.89169382
   4.94030645 15.00771572 16.87856232  9.29338851  1.66190969  5.38630487]
 [11.90693031  3.04726249  6.85128048 14.13579867 -6.74990131  3.41510354
   1.19749173  8.70086573 10.0283724   4.41221046 -1.27152599  1.53772792]]
H1 = 
[[ 133.36952069 -179.12398364]
 [-179.12398364  240.60190241]]
H2 = 
[[ 14.77895737 -19.71886444]
 [-19.71886444  27.06099778]]
tail_H1 = 1547.1199187870468
tail_H2 = 11.260507328164003
centre_1 = 
[8.15776971 3.5383411 ]
centre_2 = 
[5.04731146 3.85102114]
y = 
[ 1.  1.  1.  1.  1.  1.  1.  1.  1.  1.  1.  1. -0. -0. -0. -0. -0. -0.
 -0. -0. -0. -0. -0. -0.]