Criteria: -lndet(H1+H2)
seed = 399
Time[min] = 0.21580735445022584
mu1 = 
[3.7505807  6.73825907]
mu2 = 
[9.94256798 7.84798241]
sigma1 = 
[[0.12203627 0.93808902]
 [0.93808902 7.39654811]]
sigma2 = 
[[  8.81500293  69.50068654]
 [ 69.50068654 547.96925111]]
X1 = 
[[3.78880172 3.5994483  3.47493231 3.47496718 3.5557205  3.60643349
  3.44917131 3.53014478 3.21735279 3.83809851 4.01068494]
 [7.4635442  5.68554569 4.13047493 5.03619342 5.15284763 5.38547358
  5.3502622  4.49664217 3.13173652 7.96170327 9.4925826 ]]
X2 = 
[[ 11.05916699  12.01371969  -2.84008213  14.48985355   9.11830222
   11.87523512   3.76554161   9.12990557   8.36753155  12.09671714
    7.68555739]
 [ 16.5875054   24.18136838 -92.94313202  43.70788684   1.34475132
   23.10499703 -40.85323526   1.41062679  -4.58662621  24.88464161
  -10.00418934]]
H1 = 
[[50.20252689 -6.40701256]
 [-6.40701256  0.81808965]]
H2 = 
[[33.71902036 -3.19388155]
 [-3.19388155  0.48206868]]
tail_H1 = 4141.404237284743
tail_H2 = 343.20062724674904
centre_1 = 
[  7.4098762  -13.10428669]
centre_2 = 
[3.68355679 5.47195583]
y = 
[ 1.          1.          1.          1.          1.          1.
  0.99999981  1.          1.          1.          1.         -0.
 -0.         -0.         -0.         -0.         -0.         -0.
 -0.         -0.         -0.         -0.        ]