Criteria: -lndet(H1+H2)
seed = 251
Time[min] = 0.774848731358846
mu1 = 
[6.37611229 1.03016475]
mu2 = 
[5.34393664 3.69126425]
sigma1 = 
[[0.13354602 0.79978838]
 [0.79978838 8.0607145 ]]
sigma2 = 
[[  6.414449    64.57546615]
 [ 64.57546615 650.3908446 ]]
X1 = 
[[ 7.0715752   6.32310741  6.31108179  6.15838979  5.96599141  6.26929167
   7.01094686  6.01605122  6.11107934  6.63599279  6.15833661  6.26187475
   7.21011715  7.12392783  6.50216893  6.30081149  6.91125195  6.19431092
   6.27872323]
 [ 8.44046228  1.744712   -0.82076433  0.80765323  2.36871143 -1.98425551
   8.41981749 -0.62945478 -0.37686249  3.49525412 -0.12683879 -1.12675989
   1.40744794  4.05159447  1.56666213 -0.63951041  4.99762929 -1.33422092
   2.50366059]]
X2 = 
[[ 1.15654818e+01  2.77177729e+00  9.69166099e+00  2.31248660e+00
   6.82463106e+00  3.96306014e+00  5.80885450e+00  5.30961090e+00
   5.18465132e+00  7.11968652e+00  7.20035186e+00  5.69579492e+00
   1.16067126e+01  4.92369308e+00  6.73287088e+00 -7.82517504e-01
   3.16542020e+00  5.42760352e+00  9.88368357e-01]
 [ 6.66730111e+01 -2.08575521e+01  4.72260468e+01 -2.60077532e+01
   1.89592974e+01 -1.03104406e+01  7.86819721e+00  4.07436172e+00
   2.10497199e+00  2.01904075e+01  2.33152128e+01  8.14756063e+00
   6.68953509e+01 -4.41631034e-02  1.77518148e+01 -5.67375555e+01
  -1.84203208e+01  4.46695355e+00 -4.05978527e+01]]
H1 = 
[[1110.42419863 -110.09968508]
 [-110.09968508   11.23953756]]
H2 = 
[[ 8.38306673e-08 -8.24209385e-09]
 [-8.24209385e-09  8.77634907e-10]]
tail_H1 = 36445.63047682969
tail_H2 = 3.000003713107689
centre_1 = 
[5.9651884  2.38601091]
centre_2 = 
[ 7.29910495 -8.82361463]
y = 
[ 1.          1.          1.          1.         -0.          1.
  1.          1.          1.          1.          1.          1.
  0.99999997  1.          1.          1.          1.          1.
  1.          0.99999999  1.          1.          1.          1.
  1.          1.          1.          1.          1.          1.
  1.          1.          1.          1.          1.          1.
  1.          1.        ]