Criteria: -lndet(H1+H2)
seed = 118
Time[min] = 0.22144288221995037
mu1 = 
[9.42651571 5.79137893]
mu2 = 
[1.30848279 5.71918637]
sigma1 = 
[[8.26534554 8.56126827]
 [8.56126827 9.2051408 ]]
sigma2 = 
[[801.26908121 858.83863949]
 [858.83863949 920.6414864 ]]
X1 = 
[[ 8.07859537  7.25385521  9.86151253  5.34822387 16.77853161 11.51789806
   9.72549348  8.28818571 10.44323254]
 [ 5.0030908   3.62953908  6.74798858  2.08822307 13.33801331  8.63934171
   6.7716418   3.29580151  8.22248687]]
X2 = 
[[  9.49357181   8.87424763  28.64948739  55.09268932  31.73094657
    9.97495152 -21.92307141 -27.38133648  24.82295225]
 [ 14.43759899  14.26591929  35.18224377  63.1529585   38.24401945
   14.95563043 -19.35724744 -24.47195142  31.13057398]]
H1 = 
[[ 1.71780915 -1.57063315]
 [-1.57063315  1.50989657]]
H2 = 
[[ 22.8685836  -21.39268909]
 [-21.39268909  20.01235819]]
tail_H1 = 34.552596448185625
tail_H2 = 394.80901129027575
centre_1 = 
[10.80914957  7.19619664]
centre_2 = 
[-19.22124125 -16.10830764]
y = 
[-0. -0. -0. -0. -0. -0. -0. -0. -0.  1.  1.  1.  1.  1.  1.  1.  1.  1.]