Criteria: -lndet(H1+H2)
seed = 286
Time[min] = 0.2901154716809591
mu1 = 
[1.45023933 2.33543708]
mu2 = 
[1.6337996 0.13164  ]
sigma1 = 
[[1.09780922 1.57510945]
 [1.57510945 2.34578932]]
sigma2 = 
[[26.01488287 38.67791887]
 [38.67791887 57.50824496]]
X1 = 
[[ 0.34280164  0.45828872  0.71875025  1.80799817 -0.56303845 -0.34609994
   1.41995918  2.99086821  0.79741912]
 [ 0.21183896  0.99009357  0.49128984  3.1549438  -0.72607579 -0.20095506
   2.33410239  4.38754969  1.54940762]]
X2 = 
[[ 6.80313254 -4.66455808  5.07726402  8.32857452  5.13302873  0.55646973
  -0.11189779  4.39568481 -4.7648476 ]
 [ 7.8933567  -9.09890404  5.34324109 10.05460288  5.25114089 -1.46991988
  -2.39441042  4.17671759 -9.31438989]]
H1 = 
[[ 668.45347138 -413.56625217]
 [-413.56625217  268.94438411]]
H2 = 
[[ 7.48505263e-06 -5.08401754e-06]
 [-5.08401754e-06  3.45555891e-06]]
tail_H1 = 1460.173189026421
tail_H2 = 2.9999741171798266
centre_1 = 
[ 0.5832931  -1.42191433]
centre_2 = 
[0.04912687 0.53034203]
y = 
[ 1.          1.          1.          0.99999999  1.          1.
  1.          1.          1.          1.          1.          1.
  0.99999998  1.         -0.          1.          1.          1.        ]