Criteria: -lndet(H1+H2)
seed = 313
Time[min] = 0.31172879934310915
mu1 = 
[1.65539624 5.50104366]
mu2 = 
[8.69587486 1.72400475]
sigma1 = 
[[4.55952113 4.28032738]
 [4.28032738 4.04099887]]
sigma2 = 
[[204.00125792 192.48422418]
 [192.48422418 181.61792097]]
X1 = 
[[ 5.10601074  3.16440061  0.49881592  6.46883334  3.57072864  4.52012858
   6.85655217  3.51111265 -0.17341156  1.9779685   3.53614201  6.67127252
   0.9258755 ]
 [ 8.86296012  6.92844978  4.63197151  9.90917643  7.21855143  8.29026974
  10.49677697  7.57647199  3.84584737  5.83949533  6.96556788 10.20894229
   4.79330966]]
X2 = 
[[ 21.16843808  16.43694531  36.17101352   5.96142226   1.09471401
    4.85701243   3.53276777  16.10630581   6.92882194  11.7231495
   13.1986345   -7.54444802  27.69223781]
 [ 13.47592494   9.04659076  27.65395679  -0.82293539  -5.46179347
   -1.90664708  -3.11070475   8.71455089   0.08912405   4.56148259
    5.97113459 -13.59116659  19.68653742]]
H1 = 
[[ 15.26586104 -16.17678334]
 [-16.17678334  17.41323031]]
H2 = 
[[ 15.42419461 -16.33817071]
 [-16.33817071  17.31334361]]
tail_H1 = 290.67404647089484
tail_H2 = 730.7240899368414
centre_1 = 
[3.3416222  7.17131893]
centre_2 = 
[14.30554648  7.00889274]
y = 
[-0.00000000e+00 -0.00000000e+00 -0.00000000e+00 -0.00000000e+00
 -0.00000000e+00 -0.00000000e+00 -0.00000000e+00  1.27243688e-07
 -0.00000000e+00 -0.00000000e+00 -0.00000000e+00 -0.00000000e+00
 -0.00000000e+00  1.00000000e+00  1.00000000e+00  1.00000000e+00
  1.00000000e+00  1.00000000e+00  1.00000000e+00  1.00000000e+00
  1.00000000e+00  1.00000000e+00  1.00000000e+00  1.00000000e+00
  1.00000000e+00  1.00000000e+00]