Criteria: -lndet(H1+H2)
seed = 433
Time[min] = 0.5942881306012472
mu1 = 
[4.78158746 0.78336927]
mu2 = 
[6.47950658 2.39264914]
sigma1 = 
[[0.4235327  0.44287003]
 [0.44287003 0.4738457 ]]
sigma2 = 
[[2.14071856 2.2860905 ]
 [2.2860905  2.44143129]]
X1 = 
[[ 5.05451384  5.09026949  6.13349156  4.13757093  5.59013701  4.46969055
   4.6890129   4.30446118  3.91065168  4.02692801  5.13728713  5.51359725
   4.15501227  4.02972055  4.18672461  5.15910943]
 [ 0.99687635  1.24350281  2.17501     0.09540481  1.69473469  0.55591976
   0.50104475  0.19969525 -0.13398126 -0.09591232  1.16697069  1.70743571
  -0.07684145 -0.02328659  0.33061743  1.38785161]]
X2 = 
[[ 6.49178173  5.41037129  4.90979649  6.58552371  4.8577503  10.20134934
   5.69586262  5.92482966  5.87032495  6.54292133  7.22882931  2.96283672
   6.6701149  10.53088138  7.21642666  7.474042  ]
 [ 2.40324901  1.23835599  0.72478183  2.51634676  0.66515551  6.3632749
   1.55010075  1.80314563  1.74036695  2.4603025   3.18869942 -1.37146148
   2.60756923  6.70598277  3.16823271  3.46605778]]
H1 = 
[[ 36241.90633727 -34191.27350868]
 [-34191.27350868  32327.76120621]]
H2 = 
[[ 1.13462395e-05 -1.11231714e-05]
 [-1.11231714e-05  1.09374161e-05]]
tail_H1 = 604254.4669919048
tail_H2 = 3.000246778244591
centre_1 = 
[6.1356568  2.17673329]
centre_2 = 
[ 0.3911443  -4.46695303]
y = 
[ 1.          1.         -0.          1.          1.          1.
  1.          1.          1.          1.          1.          1.
  1.          1.          1.          0.99999972  1.          1.
  1.          1.          1.          1.          1.          1.
  1.          1.          1.          0.99999994  1.          0.99999995
  1.          1.        ]