Criteria: -lndet(H1+H2)
seed = 446
Time[min] = 0.5801229317982991
mu1 = 
[7.66409999 4.14071983]
mu2 = 
[2.79454082 8.34820783]
sigma1 = 
[[ 0.7042331   1.10042369]
 [ 1.10042369 10.43225591]]
sigma2 = 
[[  12.60526726  115.57397035]
 [ 115.57397035 1089.53056673]]
X1 = 
[[ 9.3232275   7.93458524  7.40718783  8.68572735  6.95071124  8.78558257
   7.02301495  7.11319182  7.71674694  7.04721992  8.68227914  6.8162726
   6.31897461  7.52918059  6.72706503  7.94050385  8.02057072]
 [ 2.31120772  4.92997832  4.72033696  4.52107972  0.72409432  6.54916969
   0.35498641  1.99342213  7.83902717  3.89547661  7.08768113  0.03566326
   0.37270978  5.17878943  0.14026174  6.6409702  10.98863857]]
X2 = 
[[  3.38498471   9.03508612   2.21055971   1.18328202   0.32866046
    0.90426601   4.9991137    2.2790465    7.5087453    1.60819661
    1.06830072  -2.52275877   3.89917591   7.97784637   1.66802921
   -0.90493148   5.28122629]
 [ 11.42545922  52.44622729  -7.43368524  -9.79417926 -17.9225195
  -16.80148736  27.30515921  12.13297206  55.56532943   2.76718984
   -5.0809026  -36.50840632   7.85976527  56.87682277   4.35879779
  -24.93752264  32.24015485]]
H1 = 
[[ 2.08065916e-09 -1.07748620e-10]
 [-1.07748620e-10  2.08910642e-11]]
H2 = 
[[56.69798303 -5.0075659 ]
 [-5.0075659   1.27435109]]
tail_H1 = 2.999999779370394
tail_H2 = 642.2327284525031
centre_1 = 
[  21.14758852 -269.93204121]
centre_2 = 
[3.91613724 7.89856405]
y = 
[ 7.75881231e-09 -0.00000000e+00 -0.00000000e+00 -0.00000000e+00
 -0.00000000e+00 -0.00000000e+00 -0.00000000e+00 -0.00000000e+00
 -0.00000000e+00 -0.00000000e+00 -0.00000000e+00 -0.00000000e+00
 -0.00000000e+00 -0.00000000e+00 -0.00000000e+00 -0.00000000e+00
 -0.00000000e+00 -0.00000000e+00 -0.00000000e+00 -0.00000000e+00
 -0.00000000e+00 -0.00000000e+00 -0.00000000e+00 -0.00000000e+00
 -0.00000000e+00 -0.00000000e+00 -0.00000000e+00 -0.00000000e+00
 -0.00000000e+00  1.00000000e+00  9.74674402e-09 -0.00000000e+00
 -0.00000000e+00 -0.00000000e+00]