Criteria: -lndet(H1+H2)
seed = 170
Time[min] = 0.312305748462677
mu1 = 
[0.52645418 2.26861783]
mu2 = 
[7.4135356  0.17103674]
sigma1 = 
[[2.61776461 2.81108526]
 [2.81108526 3.11528176]]
sigma2 = 
[[ 85.87469488  94.9319859 ]
 [ 94.9319859  104.95200493]]
X1 = 
[[-0.79852081 -0.41490146 -0.33230732  2.52144942  0.04041278 -0.61657225
  -0.54744414  0.1270222  -0.28049062 -0.04032439  0.53697523  0.81971264
   0.56567011]
 [ 0.72374254  1.77164205  1.41658549  4.53152586  1.54723545  0.67430447
   1.52921623  1.72346288  1.11671342  1.64389689  1.84838632  2.32254395
   2.29972265]]
X2 = 
[[ 26.50062491  13.57578314  28.39613597   2.26929174   7.02645284
    2.36980906  13.05052263   2.56551438  25.13641867  23.39999501
   26.94232982  -4.94814378   6.605544  ]
 [ 21.39114099   7.03045598  23.46512573  -5.52282242  -0.16786895
   -5.34730006   6.42811136  -5.17642814  19.71798433  17.88045087
   21.82153021 -13.66444772  -0.73887882]]
H1 = 
[[ 22.80456081 -20.51675714]
 [-20.51675714  18.46696366]]
H2 = 
[[ 14.38746109 -12.39948282]
 [-12.39948282  11.27895285]]
tail_H1 = 1236.5135137695222
tail_H2 = 35.70020804623405
centre_1 = 
[11.95877816  5.10834609]
centre_2 = 
[0.53032622 2.35680832]
y = 
[ 1.  1.  1.  1.  1.  1.  1.  1.  1.  1.  1.  1.  1. -0. -0. -0. -0. -0.
 -0. -0. -0. -0. -0. -0. -0. -0.]