Criteria: -lndet(H1+H2)
seed = 339
Time[min] = 0.2204776366551717
mu1 = 
[6.37747311 1.71612134]
mu2 = 
[1.18541655 7.58231704]
sigma1 = 
[[2.80572407 0.39694495]
 [0.39694495 0.97133689]]
sigma2 = 
[[9.44774047 4.96939071]
 [4.96939071 9.59251878]]
X1 = 
[[ 6.08757151  6.13473746  6.36942146  4.28352755  7.45950031  6.63036863
   4.70476463  8.68033534  3.64675993  6.85945045  5.38372984]
 [ 2.44453401  1.37131408  1.78003926  3.02746819  2.25888376  1.39704251
   0.54741826  1.93695959  1.53889032 -0.11367951  0.45229171]]
X2 = 
[[ 4.95495097  0.49224047  6.0272537   2.40680707 -1.12770414  2.06189812
   5.14567051  2.88898249  3.30123409 -2.33126074  1.43522142]
 [11.22309755  4.47135947 10.98572943  7.48474134  7.0939042   3.84744577
   7.91649539  7.60684905 12.10317567  7.85683998  8.67015786]]
H1 = 
[[76.53840434 32.95678386]
 [32.95678386 47.35351833]]
H2 = 
[[4.20755693e-09 7.96666110e-10]
 [7.96666110e-10 1.42783935e-09]]
tail_H1 = 4817.907508516056
tail_H2 = 2.999998976141249
centre_1 = 
[2.89277434 7.58920801]
centre_2 = 
[ 26.62449482 -44.75090907]
y = 
[ 1.          1.          1.          1.          1.          1.
  1.          1.          1.          0.99999999  1.          1.
  1.          0.99999996  1.          1.          1.          1.
 -0.          1.          0.99999998  1.        ]