Criteria: -lndet(H1+H2)
seed = 468
Time[min] = 0.9997264663378398
mu1 = 
[1.04370467 5.44154377]
mu2 = 
[9.61810314 9.23906234]
sigma1 = 
[[0.98580006 1.43076789]
 [1.43076789 5.68747318]]
sigma2 = 
[[ 21.44276919  82.78499084]
 [ 82.78499084 325.52060845]]
X1 = 
[[ 1.36320733 -1.68746738  1.17054633 -1.10100655 -0.29828356  2.26677078
   0.32377787  0.13661097  0.34628214 -1.4951584   1.16645808  2.74555649
   0.59326623 -0.20410892  0.57970954  0.09614083  0.30505617  1.32095519
   0.89250611 -0.13774433 -0.310952    0.93160909  1.08906343]
 [ 1.53221073  1.97719476  6.92392624  3.59099908  3.60346768  5.65369861
   4.89451644  3.35633714  6.77362626  6.45594888  4.35668514 11.51385448
   6.9261067   6.9673291   7.49434295  5.69022972  3.7963224   8.71490041
   2.75735751  6.01761444  7.05856846  2.03741377  6.52057675]]
X2 = 
[[ 6.35153739  7.0189717   7.73857457 14.1856598  11.64271207  7.03532273
   7.05178026  9.29461966  9.2239977  10.36661627 10.72178326  6.15911939
  11.761768    8.80354479 10.06261677 13.07091024 12.31003366 13.8916544
  12.4543232   7.28683854 15.60568605  6.12565269 13.50513083]
 [-0.69494477 -1.55008811 -2.73527044 28.38738603 14.63464031 -0.71608141
   1.84076912  6.73368315  6.66266171 12.81933056 14.01026002 -7.8807893
  20.08400865  2.56974013 14.34741839 23.38507141 15.09063111 22.66667332
  21.77336354  2.39045491 31.9870919  -3.90217426 24.56659774]]
H1 = 
[[19.68353846 -6.80069594]
 [-6.80069594  6.64692059]]
H2 = 
[[ 6.79925654e-08 -1.77280329e-08]
 [-1.77280329e-08  5.51445497e-09]]
tail_H1 = 1389.571278594775
tail_H2 = 2.999982879659831
centre_1 = 
[10.31879518 12.73880571]
centre_2 = 
[-19.42410371 -40.02306074]
y = 
[ 1.          1.          1.          1.          1.          1.
  1.          1.          1.          0.99999996  1.          1.
  1.          1.          1.          1.          1.          1.
  1.          1.          1.          1.          1.          1.
  1.          1.          1.          1.          1.          1.
  1.          1.         -0.          1.          0.99999996  1.
  1.          1.          1.          1.          1.          1.
  1.          1.          1.          1.        ]