Criteria: -lndet(H1+H2)
seed = 425
Time[min] = 0.4412354310353597
mu1 = 
[7.58054466 2.69384168]
mu2 = 
[4.83201509 5.62558167]
sigma1 = 
[[2.09869256 3.34692982]
 [3.34692982 6.08166146]]
sigma2 = 
[[116.42390279 210.57311787]
 [210.57311787 381.06800068]]
X1 = 
[[ 7.48834252  9.79175991  7.34848186  5.71268757  6.38710491  8.49401261
   6.66120333  7.49844445  9.40306398  9.30773075  7.55064473  6.99164415
   8.78465139]
 [ 3.23314935  7.40571992  2.70971283 -0.16205721 -1.3092237   5.72637863
  -0.6660097   1.77514815  5.55625441  6.04620006  2.97573154  2.21930012
   5.5045587 ]]
X2 = 
[[  5.3380348   10.4805922    2.82992001  -2.89262617   9.92267478
  -16.97283011   7.26022718   7.18264187  11.6319925   -1.06682714
  -10.11477364  -4.51332841   2.9995626 ]
 [  6.38671377  15.58970514   2.41333008  -8.23864851  14.7189127
  -33.80013821   9.95778146  10.03819029  18.18834128  -4.9897941
  -20.89368807 -11.35969881   2.57106779]]
H1 = 
[[ 71.72950767 -43.03058271]
 [-43.03058271  28.51362277]]
H2 = 
[[ 1.44138321e-07 -7.84662044e-08]
 [-7.84662044e-08  4.28364925e-08]]
tail_H1 = 486.50389348272495
tail_H2 = 3.0000015764103583
centre_1 = 
[-2.82182545 -8.13942857]
centre_2 = 
[ -3.8089112  -16.25606897]
y = 
[ 1.          1.          1.          1.          0.99999999  1.
  1.          1.          1.          1.          1.          1.
  1.          1.          1.          1.         -0.          1.
  1.          1.          1.          0.99999999  1.          1.
  1.          1.        ]