Criteria: -lndet(H1+H2)
seed = 351
Time[min] = 0.4354386528333028
mu1 = 
[0.1126577  2.83025496]
mu2 = 
[9.78936449 9.87341715]
sigma1 = 
[[6.70105307 1.33708995]
 [1.33708995 0.40654665]]
sigma2 = 
[[62.7822076  14.39580513]
 [14.39580513  3.44061133]]
X1 = 
[[-0.31402242  3.01666446  0.78772179 -2.12067968 -2.83700705 -5.05237638
   1.67226475 -1.56073453  4.686547   -3.0876632   1.41797542  0.3577103
   2.76295813  1.88601709]
 [ 2.0325909   3.53024717  3.24168089  2.75838895  1.61713834  1.63033483
   3.87362618  2.21761897  3.53401367  2.2570789   2.89692893  2.73308095
   3.19542866  3.5242615 ]]
X2 = 
[[ 8.95443138  6.17588869 26.89692162 10.85288007 14.19830461 18.3796597
  16.36893329 20.66239072  4.91211409 13.17011938  1.29070087  0.46641223
  14.44179735 20.53798445]
 [ 8.85464783  8.33793913 13.6504409  10.08424414 11.09544021 11.80468592
  11.3351892  12.93175465  9.54003909 11.1733532   7.6331917   7.46899486
  11.22360346 12.67434202]]
H1 = 
[[ 23.08947961 -49.5916837 ]
 [-49.5916837  135.36338873]]
H2 = 
[[ 5.44663332e-09 -1.14290673e-08]
 [-1.14290673e-08  3.01834046e-08]]
tail_H1 = 4582.332903669208
tail_H2 = 2.999997322193333
centre_1 = 
[8.98019439 8.84861431]
centre_2 = 
[-12.86812104  -5.20994215]
y = 
[ 0.99999999  1.          1.          1.          1.          1.
  1.          1.          1.          1.          1.          1.
  1.          1.         -0.          1.          0.99999998  1.
  1.          1.          1.          1.          1.          1.
  1.          1.          1.          1.        ]