Criteria: -lndet(H1+H2)
seed = 443
Time[min] = 0.6104853351910909
mu1 = 
[7.01064859 9.26697308]
mu2 = 
[6.90965046 1.81538921]
sigma1 = 
[[3.25778885 1.50970038]
 [1.50970038 1.02269046]]
sigma2 = 
[[33.40514061 20.35784687]
 [20.35784687 12.73815304]]
X1 = 
[[ 7.39186209  9.68061258  7.19862217 10.71934942  6.22421767  6.10773567
   5.47917718  6.30575418 10.08938233  5.59020374  8.61348216  7.01691098
   7.34579439  8.26373629  6.70909545  4.87080191  6.34103637  6.0172295
   6.863346  ]
 [10.67726067 10.553658    9.88549764 11.38078975  9.24860656  7.88911065
   8.04353719  8.80530207 10.00481438  7.31600679  9.36423548  9.25645756
   8.54751697  9.57541612  8.91890477  8.20993236 10.12321969  9.43456686
   9.69581629]]
X2 = 
[[10.90734719  7.21015848  8.41930816 12.48272946 -0.85450813  4.33801893
   5.92060042  3.65993435 12.63573462  9.8166397   2.24208491  8.55599982
   2.85125521 -1.54701856 -1.02249007  2.79195438  8.65281787  6.47117757
  12.72153594]
 [ 4.16008385  2.57432069  3.04479221  5.7720689  -2.46634377  0.35818266
   2.62675801 -0.07585456  5.32454824  4.02288577 -1.45479414  2.89530372
  -0.88537212 -3.58135372 -3.54078392 -1.93098372  1.62049594  1.49943074
   5.61696724]]
H1 = 
[[ 6.07290480e-09 -7.41407662e-09]
 [-7.41407662e-09  1.15683292e-08]]
H2 = 
[[ 64.70120789 -33.59655979]
 [-33.59655979  39.3502071 ]]
tail_H1 = 2.999999525440359
tail_H2 = 1486.1995754397121
centre_1 = 
[10.53629134  8.25510528]
centre_2 = 
[5.90324579 2.63249492]
y = 
[-0.00000000e+00 -0.00000000e+00 -0.00000000e+00 -0.00000000e+00
 -0.00000000e+00 -0.00000000e+00 -0.00000000e+00 -0.00000000e+00
 -0.00000000e+00 -0.00000000e+00 -0.00000000e+00 -0.00000000e+00
 -0.00000000e+00 -0.00000000e+00 -0.00000000e+00 -0.00000000e+00
  6.09406215e-09 -0.00000000e+00 -0.00000000e+00 -0.00000000e+00
 -0.00000000e+00 -0.00000000e+00 -0.00000000e+00 -0.00000000e+00
 -0.00000000e+00  1.00000000e+00 -0.00000000e+00  5.87808194e-08
 -0.00000000e+00 -0.00000000e+00 -0.00000000e+00 -0.00000000e+00
  6.52025464e-09 -0.00000000e+00 -0.00000000e+00 -0.00000000e+00
 -0.00000000e+00 -0.00000000e+00]