Criteria: -lndet(H1+H2)
seed = 325
Time[min] = 0.375362221399943
mu1 = 
[9.2773461  9.81048546]
mu2 = 
[7.99761048 7.90384443]
sigma1 = 
[[4.85468766 5.49313831]
 [5.49313831 6.257     ]]
sigma2 = 
[[325.3136775  370.37313485]
 [370.37313485 421.67505817]]
X1 = 
[[11.06798129  8.86759565  7.47851252  6.96850966  7.216945    7.31710984
   5.63896571  6.76969705  9.84858567  9.52103015  6.82038264  7.88010888]
 [12.14379776  9.56577255  7.79741364  7.51922761  7.47590326  7.63766262
   5.88533763  6.94350516 10.70779867 10.17992641  7.32464303  8.18887234]]
X2 = 
[[  4.53674613   9.70288079  11.40394898  47.09480945  39.46110383
   33.22029224  -8.06489434 -35.76317538 -10.84630677  -6.74124847
   15.18929162  27.78448321]
 [  3.96106688   9.78903373  11.81227419  52.43753351  43.7683934
   36.65429865 -10.38268351 -41.97742039 -13.54926683  -8.8559783
   16.12537476  30.39095294]]
H1 = 
[[ 1.58002729e-05 -1.38760703e-05]
 [-1.38760703e-05  1.21866222e-05]]
H2 = 
[[ 4222.53105807 -3702.78762725]
 [-3702.78762725  3247.87040008]]
tail_H1 = 2.9999677459127874
tail_H2 = 4773.814725733051
centre_1 = 
[-12.49334926 -13.8430909 ]
centre_2 = 
[4.67049395 4.11575702]
y = 
[-0.00000000e+00 -0.00000000e+00 -0.00000000e+00  8.15895190e-08
 -0.00000000e+00 -0.00000000e+00 -0.00000000e+00 -0.00000000e+00
 -0.00000000e+00 -0.00000000e+00 -0.00000000e+00 -0.00000000e+00
  1.00000000e+00 -0.00000000e+00 -0.00000000e+00  7.56930101e-08
 -0.00000000e+00 -0.00000000e+00 -0.00000000e+00 -0.00000000e+00
 -0.00000000e+00 -0.00000000e+00 -0.00000000e+00 -0.00000000e+00]