Criteria: -lndet(H1+H2)
seed = 417
Time[min] = 0.49395989974339805
mu1 = 
[0.1897779  9.86514675]
mu2 = 
[1.96294248 4.25074576]
sigma1 = 
[[2.85576558 5.14791936]
 [5.14791936 9.28751774]]
sigma2 = 
[[273.16613443 492.81517488]
 [492.81517488 889.08093202]]
X1 = 
[[ 1.23190382 -1.64159829 -0.95840486  0.04144546 -0.12055922 -0.45404895
   1.36949971 -1.38114463  5.25791049  2.07434127 -2.15346867 -0.17905526
  -2.91021641 -1.55012342  1.49829376 -0.59157205  2.92002478]
 [11.82075128  6.57428828  7.66928815  9.6457191   9.18198359  8.6833343
  11.86390233  6.91826649 19.03035452 13.24435596  5.69413571  9.08496342
   4.29172844  6.78851617 12.23674425  8.37924543 14.80255441]]
X2 = 
[[ -4.51162953  25.91068301  -8.5114921  -13.70588255  15.29608899
   15.83807821 -11.31933998 -23.51622985  24.50341081  21.34513294
  -28.7245808   16.82119113  18.24697353  20.14335624  15.27798748
   28.81633323  10.0897534 ]
 [ -7.4212344   47.45685007 -14.64058761 -24.01174497  28.3098985
   29.28504484 -19.72139252 -41.71635015  44.91653678  39.22375292
  -51.11472752  31.05140175  33.62611783  37.04907289  28.26400831
   52.69349526  18.91624824]]
H1 = 
[[ 77.55224646 -42.86455842]
 [-42.86455842  23.74710463]]
H2 = 
[[ 82.38763578 -45.66409969]
 [-45.66409969  25.31085762]]
tail_H1 = 2162.4933718616744
tail_H2 = 12.487731699786679
centre_1 = 
[ 1.17384487 11.66101166]
centre_2 = 
[0.04429968 0.78232835]
y = 
[ 1.08273745e-07 -0.00000000e+00 -0.00000000e+00 -0.00000000e+00
 -0.00000000e+00 -0.00000000e+00 -0.00000000e+00 -0.00000000e+00
 -0.00000000e+00 -0.00000000e+00 -0.00000000e+00 -0.00000000e+00
 -0.00000000e+00 -0.00000000e+00 -0.00000000e+00 -0.00000000e+00
 -0.00000000e+00  1.00000000e+00  1.00000000e+00  1.00000000e+00
  1.00000000e+00  1.00000000e+00  1.00000000e+00  1.00000000e+00
  1.00000000e+00  1.00000000e+00  1.00000000e+00  1.00000000e+00
  1.00000000e+00  1.00000000e+00  1.00000000e+00  1.00000000e+00
  1.00000000e+00  1.00000000e+00]