Criteria: -lndet(H1+H2)
seed = 326
Time[min] = 0.7706203500429789
mu1 = 
[5.19521868 8.53195769]
mu2 = 
[2.4217899  4.35366714]
sigma1 = 
[[0.26541224 0.68793438]
 [0.68793438 4.7492185 ]]
sigma2 = 
[[  4.8029808   32.85409319]
 [ 32.85409319 226.02401776]]
X1 = 
[[ 5.13615648  4.86254188  4.90989098  5.09330782  5.10094473  5.85076328
   4.40654272  4.17907552  4.42097077  5.55163972]
 [ 8.07992367  5.12727955  9.65024296  9.65322994  9.39481509 11.33943855
   3.30865666  5.89064643  6.47539762  9.53589764]]
X2 = 
[[  1.79293124   2.40267267   2.2207939   -2.17426987   5.55949979
    1.15325262   2.31840984   0.26351508   2.56764908   1.43289266]
 [ -0.07000988   3.79080084   1.32855957 -28.61349242  27.56826739
   -2.64829676   3.59411188 -11.87115884   3.24616341  -1.11423468]]
H1 = 
[[ 7.84177930e-08 -1.12645800e-08]
 [-1.12645800e-08  1.74138841e-09]]
H2 = 
[[506.86090362 -86.29192894]
 [-86.29192894  16.53840839]]
tail_H1 = 3.0000005852221086
tail_H2 = 2058.1940826082578
centre_1 = 
[4.88173321 6.22299888]
centre_2 = 
[2.39675032 2.27270793]
y = 
[-0.00000000e+00  9.89483564e-09 -0.00000000e+00 -0.00000000e+00
 -0.00000000e+00  3.05998230e-08 -0.00000000e+00 -0.00000000e+00
 -0.00000000e+00 -0.00000000e+00 -0.00000000e+00 -0.00000000e+00
  1.00000000e+00 -0.00000000e+00 -0.00000000e+00 -0.00000000e+00
 -0.00000000e+00 -0.00000000e+00  1.00000000e+00 -0.00000000e+00]