Criteria: -lndet(H1+H2)
seed = 472
Time[min] = 0.6544849197069804
mu1 = 
[6.42340911 8.13887499]
mu2 = 
[2.46109351 2.16185925]
sigma1 = 
[[4.06727963 1.82835115]
 [1.82835115 0.83631778]]
sigma2 = 
[[49.97144276 22.72724116]
 [22.72724116 10.33714226]]
X1 = 
[[9.0356122  4.48267095 7.87872668 7.34199425 8.20329581 7.26924801
  9.2118033  7.18654012 2.13691311 7.43664672 8.78972947 6.83779868
  5.45304837 5.22477959 5.22873426 8.04053265 1.81185719 7.33947674
  6.33152936]
 [9.36277903 7.01636059 8.84235417 8.62198929 9.13869672 8.53478245
  9.44582325 8.28909339 6.23774232 8.49675897 9.08475321 8.20861967
  7.68619672 7.59254323 7.65924569 8.71966807 6.15306289 8.585431
  8.09365994]]
X2 = 
[[  2.39080914   4.83645116   1.56592803   7.7179107   -6.65259383
  -12.02402974 -14.24743159   8.76751144   5.0361795    3.7717096
    2.82271291  -5.758332     4.15420636   5.91781073   8.17864394
    2.910803    11.17508731   2.01203993   3.91621334]
 [  2.09858437   3.24665498   1.74813936   4.5532804   -2.00190113
   -4.39920907  -5.42559009   5.00323208   3.38032362   2.71696738
    2.30049422  -1.55735319   2.93265325   3.75729767   4.79255894
    2.40423921   6.1366571    1.98543615   2.8123892 ]]
H1 = 
[[ 10.3499361  -22.26563569]
 [-22.26563569  48.74888999]]
H2 = 
[[ 22.08844264 -48.3828355 ]
 [-48.3828355  106.06663657]]
tail_H1 = 1328.707177650861
tail_H2 = 117.65434068655007
centre_1 = 
[5.42442561 7.68786925]
centre_2 = 
[-1.56160131  0.34067618]
y = 
[-0. -0. -0. -0. -0. -0. -0. -0. -0. -0. -0. -0. -0. -0. -0. -0. -0. -0.
 -0.  1.  1.  1.  1.  1.  1.  1.  1.  1.  1.  1.  1.  1.  1.  1.  1.  1.
  1.  1.]