Criteria: -lndet(H1+H2)
seed = 238
Time[min] = 0.5643518805503845
mu1 = 
[0.65338503 2.65268967]
mu2 = 
[0.62651583 0.5713742 ]
sigma1 = 
[[ 9.46966419  9.80023937]
 [ 9.80023937 10.1870866 ]]
sigma2 = 
[[1050.12145622 1091.16384747]
 [1091.16384747 1133.81202652]]
X1 = 
[[-0.07495439 -1.23692298 -0.41371889  3.15760226  2.17713237 -0.85223244
   1.91039201  3.42606035 -4.49124319 -3.88837324 -3.84648322  4.94927963
  -0.5179603   0.65853237 -0.32959306  0.17202031  7.44452282  2.66496327]
 [ 1.83581594  0.79961459  1.69500954  5.14655915  3.92392964  1.1347998
   3.97958209  5.57822893 -2.38213475 -2.02513398 -2.07590958  7.08453382
   1.38798567  2.18027274  1.43310454  2.0578626   9.46904559  4.49837085]]
X2 = 
[[ -2.05618077  -5.36173278  59.46261262 -36.30329272  32.20837211
  -14.03955004  26.23672502  -5.62584878  -8.25130027 -30.84782225
   -5.21883812 -37.31693094 -72.32207264  23.46108451  72.85020967
    8.50533457 -20.29203029  35.77569396]
 [ -2.21004057  -5.68808778  61.70835361 -37.79923905  33.42999461
  -14.61723733  27.1800896   -5.92309202  -8.53835777 -32.11684806
   -5.55229983 -38.83061516 -75.27378558  24.32546899  75.6226298
    8.80127738 -21.14740475  37.08928676]]
H1 = 
[[ 397.22865906 -382.35740408]
 [-382.35740408  368.04303796]]
H2 = 
[[ 21.24622624 -21.18446625]
 [-21.18446625  21.18852574]]
tail_H1 = 1.517921465614679
tail_H2 = 76.3562564790594
centre_1 = 
[-63.87208204 -66.40503341]
centre_2 = 
[1.09982842 2.99695878]
y = 
[ 1.  1.  1.  1.  1.  1.  1.  1.  1.  1.  1.  1.  1.  1.  1.  1.  1.  1.
 -0. -0. -0. -0. -0. -0. -0. -0. -0. -0. -0. -0. -0. -0. -0. -0. -0. -0.]