Criteria: -lndet(H1+H2)
seed = 412
Time[min] = 0.2827765703201294
mu1 = 
[9.44967264 8.81242955]
mu2 = 
[6.90903599 2.16053828]
sigma1 = 
[[3.41313201 2.8464697 ]
 [2.8464697  2.39576969]]
sigma2 = 
[[92.67336767 77.91023515]
 [77.91023515 65.49951381]]
X1 = 
[[ 8.14555915  9.98962321  7.36468608 10.06320781  9.96038958  6.57807838
  10.63188416 11.72521039  9.59906822  9.39306783  9.98056078 11.96418056]
 [ 7.83782173  8.87136336  6.97489297  9.01020881  9.33865816  6.32258704
   9.77814527 10.53108288  9.02377339  8.57865419  9.20986297 10.93179242]]
X2 = 
[[16.53910642  7.91284119 13.20445276  6.70919642  1.60270358 -0.70246131
   2.6097118  -0.28401383  9.2564278   5.20770063  1.31129419  0.89327216]
 [10.22602556  3.01617601  7.48897316  2.0062845  -2.27714692 -4.23366947
  -1.43344009 -3.88321021  4.11047226  0.74953035 -2.55613185 -2.9353281 ]]
H1 = 
[[ 64.88351934 -77.42264699]
 [-77.42264699  92.44235867]]
H2 = 
[[ 29.21175455 -34.64025921]
 [-34.64025921  41.56725184]]
tail_H1 = 1226.7572778267875
tail_H2 = 58.52448772582512
centre_1 = 
[7.92743617 3.00029893]
centre_2 = 
[9.51321729 8.7394769 ]
y = 
[ 1.  1.  1.  1.  1.  1.  1.  1.  1.  1.  1.  1. -0. -0. -0. -0. -0. -0.
 -0. -0. -0. -0. -0. -0.]