Criteria: -lndet(H1+H2)
seed = 264
Time[min] = 0.9841129859288533
mu1 = 
[7.76465934 3.04218564]
mu2 = 
[5.56507839 4.92228641]
sigma1 = 
[[0.34675605 0.39886992]
 [0.39886992 0.48652742]]
sigma2 = 
[[1.71121186 2.07892206]
 [2.07892206 2.52618649]]
X1 = 
[[7.88139306 7.85008719 7.64532044 7.65724305 7.98792094 6.74840971
  6.93104629 7.58334784 6.79616462 8.84286322 8.39195945 8.06252585
  8.65680752 7.2441136  9.05323007 7.8103588  8.0801792  8.51751598
  7.52663229 7.7325103 ]
 [3.43822464 3.26932823 3.09802116 2.91268765 3.2446605  1.85870496
  2.14287961 2.58532208 1.89237122 4.46822304 3.46246304 3.63897993
  4.03169998 2.86249583 4.30490586 2.99450273 3.27447294 4.17518006
  2.67930256 3.35212843]]
X2 = 
[[5.57898246 4.13614321 5.13430624 6.06478925 5.61447595 5.81016252
  2.65566097 4.46431266 5.68834713 6.79129574 6.63968143 5.3584265
  4.14221096 4.09379009 6.32247882 6.6119028  4.44755531 6.22881125
  7.46214534 6.45894804]
 [4.92462144 3.18225432 4.35326196 5.54482411 4.97163594 5.20728167
  1.40712374 3.60448481 5.08620725 6.43148897 6.21799195 4.67486469
  3.17643181 3.16111476 5.8420331  6.18846215 3.57521601 5.71931021
  7.21970501 6.03825595]]
H1 = 
[[129.69064889 -43.66591754]
 [-43.66591754 213.19901329]]
H2 = 
[[ 3.26441340e-06 -2.48637406e-06]
 [-2.48637406e-06  1.98228796e-06]]
tail_H1 = 5499.25554643909
tail_H2 = 3.0000519193059483
centre_1 = 
[5.13906579 4.34230854]
centre_2 = 
[8.34421416 3.70183329]
y = 
[ 1.          1.          1.          1.          1.          0.9999999
  1.          1.          1.          1.          1.          1.
  1.          1.          0.99999993  1.          1.          1.
  1.          1.          1.          1.         -0.          1.
  1.          1.          0.99999993  1.          1.          1.
  1.          1.          1.          1.          1.          1.
  1.          1.          1.          1.        ]