Criteria: -lndet(H1+H2)
seed = 464
Time[min] = 0.5611242135365804
mu1 = 
[7.08332351 3.47455737]
mu2 = 
[1.93736395 5.59673518]
sigma1 = 
[[0.44005613 0.2209086 ]
 [0.2209086  0.4626854 ]]
sigma2 = 
[[0.68165548 1.11932401]
 [1.11932401 2.18957839]]
X1 = 
[[7.14932184 7.56203884 7.21339642 7.87804842 6.51422215 6.46196886
  7.31631335 6.48947945 8.20640824 6.00461042 6.88428321 6.70342514
  6.46822169 6.8154719  7.02719878 6.05326821]
 [2.61121053 2.70192458 5.00650225 3.39391689 3.10303221 2.95103832
  3.50717508 2.84851216 3.36647087 4.43762227 3.92528174 3.16809377
  4.02044396 3.41341641 2.96324644 3.20048195]]
X2 = 
[[3.56492697 0.97413411 2.65287829 1.50918755 0.59372184 2.77634552
  1.40346112 2.41389206 2.63293297 1.85442296 2.08915208 2.70190962
  2.48850408 1.56197198 2.41616271 2.96348061]
 [7.23736871 3.50319588 6.94180825 5.17256148 3.83244621 6.53745854
  4.28353405 6.81864873 7.75776507 5.79039389 6.37668316 6.60400628
  5.72323667 4.68906244 6.54280956 6.82223903]]
H1 = 
[[ 86.43505614  82.79075411]
 [ 82.79075411 255.01442828]]
H2 = 
[[ 4.92727564e-08 -6.94467209e-09]
 [-6.94467209e-09  4.06982725e-08]]
tail_H1 = 11219.590522840457
tail_H2 = 2.999999277906099
centre_1 = 
[2.50092833 5.70907876]
centre_2 = 
[13.36894895  0.91343435]
y = 
[ 1.          0.99999995  1.          1.          1.          1.
  1.          1.          1.          1.          1.          1.
  1.          1.          1.          1.          1.          0.99999997
  1.          1.          1.          1.          1.          1.
  1.          1.          1.          1.         -0.          1.
  1.          1.        ]