Criteria: -lndet(H1+H2)
seed = 365
Time[min] = 0.31160491704940796
mu1 = 
[9.41455743 6.41602705]
mu2 = 
[7.66625774 3.05012427]
sigma1 = 
[[3.93274455 2.53867665]
 [2.53867665 1.65057528]]
sigma2 = 
[[79.9152711  51.88673593]
 [51.88673593 33.68886658]]
X1 = 
[[ 8.16680771  9.41519927 11.34450576  8.9155291   9.45751084 12.11621622
   9.77366976 11.24836016  9.01971838  7.1338439  11.9898343   7.72857292
   8.14227439]
 [ 5.57141414  6.43365079  7.6192836   6.13104803  6.60895942  8.17944225
   6.61781795  7.52590911  6.12507878  4.87180395  8.08618965  5.400893
   5.68488053]]
X2 = 
[[ 4.52140751 13.99526675 25.28871411 10.15719648 14.98223391 15.29756287
  -3.58487729  2.66611709 11.08395487  2.20147532 16.28314916 21.29079109
  13.24308814]
 [ 0.99134815  7.15408484 14.5170253   4.65690758  7.80110132  8.01777351
  -4.24891636 -0.18933322  5.23998817 -0.50303497  8.67257431 11.8864235
   6.67635284]]
H1 = 
[[ 148.35615811 -228.24662874]
 [-228.24662874  351.19236108]]
H2 = 
[[ 60.59216935 -91.85896685]
 [-91.85896685 140.23593313]]
tail_H1 = 1304.1902355753355
tail_H2 = 48.00549048792383
centre_1 = 
[10.85455687  5.12875813]
centre_2 = 
[9.48744437 6.48231422]
y = 
[ 1.  1.  1.  1.  1.  1.  1.  1.  1.  1.  1.  1.  1. -0. -0. -0. -0. -0.
 -0. -0. -0. -0. -0. -0. -0. -0.]