Criteria: -lndet(H1+H2)
seed = 373
Time[min] = 0.8395917018254598
mu1 = 
[6.94331829 5.83255408]
mu2 = 
[7.59948231 4.15432382]
sigma1 = 
[[0.77950646 1.48311048]
 [1.48311048 4.81860386]]
sigma2 = 
[[ 22.60379718  72.6213129 ]
 [ 72.6213129  234.3890484 ]]
X1 = 
[[5.47722609 6.67619447 7.14324447 6.14492991 6.95413271 7.02037255
  7.5000261  5.67838296 6.69443071]
 [5.02941305 8.08588622 8.13576866 4.1969287  6.71696332 6.05246257
  8.31558043 3.21213698 6.50588483]]
X2 = 
[[  3.70292431   5.65456589   8.51844002   7.61183903  10.06992014
    9.07904432   0.5830235   -3.56532387   5.59791747]
 [ -8.31843129  -2.6989646    9.1899994    4.93187987  12.08687555
    9.5015855  -19.30093468 -31.36894218  -1.89329985]]
H1 = 
[[ 592.83355412 -164.51444333]
 [-164.51444333   46.96574224]]
H2 = 
[[ 1.63214109e-07 -4.76736944e-08]
 [-4.76736944e-08  2.02085909e-08]]
tail_H1 = 14261.77736110799
tail_H2 = 3.0000045322485374
centre_1 = 
[6.92522132 7.32569293]
centre_2 = 
[ -3.49484864 -42.35734797]
y = 
[ 1.          1.         -0.          1.          1.          1.
  1.          1.         -0.          1.          1.          1.
  1.          0.99999996  1.          1.          1.          1.        ]