Criteria: -lndet(H1+H2)
seed = 313
Time[min] = 0.15928359826405844
mu1 = 
[1.65539624 5.50104366]
mu2 = 
[8.69587486 1.72400475]
sigma1 = 
[[4.55952113 4.28032738]
 [4.28032738 4.04099887]]
sigma2 = 
[[204.00125792 192.48422418]
 [192.48422418 181.61792097]]
X1 = 
[[ 5.10601074  3.16440061  0.49881592  6.46883334  3.57072864  4.52012858
   6.85655217  3.51111265 -0.17341156]
 [ 8.86296012  6.92844978  4.63197151  9.90917643  7.21855143  8.29026974
  10.49677697  7.57647199  3.84584737]]
X2 = 
[[10.96857229 20.28578797 42.22403158  3.74435906 21.16843808 16.43694531
  36.17101352  5.96142226  1.09471401]
 [ 3.87370012 12.61307096 33.35731595 -2.95118273 13.47592494  9.04659076
  27.65395679 -0.82293539 -5.46179347]]
H1 = 
[[ 15.36878892 -16.274694  ]
 [-16.274694    17.2419476 ]]
H2 = 
[[ 15.42483593 -16.50728377]
 [-16.50728377  17.93429033]]
tail_H1 = 733.9533412358046
tail_H2 = 303.416266883537
centre_1 = 
[21.65712709 13.9325701 ]
centre_2 = 
[3.34151173 7.17128767]
y = 
[ 1.          1.          1.          1.          1.          1.
  1.          0.99999989  1.         -0.         -0.         -0.
 -0.         -0.         -0.         -0.         -0.         -0.        ]