Criteria: -lndet(H1+H2)
seed = 404
Time[min] = 0.5172766804695129
mu1 = 
[6.68825086 3.50711315]
mu2 = 
[4.72162053 0.06247251]
sigma1 = 
[[1.57067417 2.59893858]
 [2.59893858 8.4280007 ]]
sigma2 = 
[[ 70.0118346  223.12064716]
 [223.12064716 717.06643993]]
X1 = 
[[ 6.04222729  4.36322322  4.92115112  5.82979776  8.76667834  6.77490558
   7.07359587  6.51487678  7.43852864  6.19384376  7.30534073  6.3815405
   6.55066957  5.18245017  4.98256815  7.23751187]
 [-0.59997294  0.95530447  1.04612856  2.5264229   7.1627842   4.60629229
   6.61524254  3.46782719  4.85543325  2.10522416  3.87830537  1.86901426
   3.90944686 -1.66454551  1.26835316  4.75349475]]
X2 = 
[[ -9.63130518   7.72374353  -8.53156465   9.12916217 -12.00428739
   12.72301346   9.05045534  12.96119829  -4.33204261  10.34390303
    4.96678846   2.53304947  15.98123836  18.40015712   7.70763144
   10.53968119]
 [-43.32569986  10.9978798  -43.65524532  11.03966136 -53.07226242
   25.76654864  11.91849574  28.75003738 -23.59396392  19.76206984
    1.18930967  -7.42260907  36.69907261  44.41641125  15.72594534
   15.66603889]]
H1 = 
[[ 540.54028905 -170.54272992]
 [-170.54272992   54.489459  ]]
H2 = 
[[ 3.14714818e-07 -1.02185305e-07]
 [-1.02185305e-07  3.34195702e-08]]
tail_H1 = 11422.077312880454
tail_H2 = 3.00000540931831
centre_1 = 
[4.88280928 0.90867359]
centre_2 = 
[20.91228464 47.01809224]
y = 
[ 1.          1.         -0.          1.          0.99999992  1.
  1.          1.          1.          1.          1.          1.
  1.          1.          1.          1.          1.          1.
  1.          1.          0.99999994  1.          1.          1.
  1.          1.          1.          1.          1.          1.
  0.99999921  1.        ]