Criteria: -lndet(H1+H2)
seed = 529
Time[min] = 0.7644601662953695
mu1 = 
[2.25526306 8.20611244]
mu2 = 
[8.51125776 8.56984602]
sigma1 = 
[[4.76692198 1.08934231]
 [1.08934231 0.29585831]]
sigma2 = 
[[34.59021181  8.41571949]
 [ 8.41571949  2.06198804]]
X1 = 
[[ 2.89091153  3.77158154  1.85519832  3.89402484  6.04559372  3.17972041
   4.03202872  2.96124406  4.45288462  4.8689077  -0.84044509  2.04832135
   1.86457288 -1.6404693   4.01198408  2.57627461  3.25822837  1.57877713
   2.49522894  0.7659768   1.93035448]
 [ 8.23529237  8.5934474   8.19311836  8.71166127  9.27918203  8.29982659
   8.40456526  8.38005365  8.9653112   8.45783612  7.65840635  7.86303114
   7.90079246  7.2034226   8.67977403  8.2816367   8.17358575  8.17021738
   8.48528752  7.57346767  8.45002026]]
X2 = 
[[11.52928877  3.16797505  7.9780052   8.54725318 11.17616036  3.24103789
  16.24965685 10.39935609  8.29282775  9.29519607  2.36816299  5.17788317
   9.103955    8.18100342 12.25476986  5.6099003   5.0003412  -0.10283878
  12.01058821  9.75471534 10.35008766]
 [ 9.38586481  7.34262264  8.62158848  8.58875387  9.24145493  7.27911123
  10.58361668  8.90346783  8.12544661  8.76617159  7.26914566  7.75088218
   8.72992086  8.45995366  9.51254491  7.84743592  7.77554781  6.66422317
   9.45081722  8.89168027  9.13664763]]
H1 = 
[[  71.29033859 -313.95746401]
 [-313.95746401 1899.41062157]]
H2 = 
[[ 1.37988891e-07 -4.88654466e-07]
 [-4.88654466e-07  2.27232578e-06]]
tail_H1 = 102595.17347285338
tail_H2 = 3.000149331330679
centre_1 = 
[7.95872211 8.62070617]
centre_2 = 
[-6.75804508  7.1835816 ]
y = 
[ 1.          1.          1.          1.          1.          1.
  1.          1.          1.          1.          1.          1.
  1.          1.          1.          1.          1.          1.
  1.          1.          0.99999981  1.          1.         -0.
  1.          1.          1.          0.99999975  1.          1.
  1.          1.          1.          1.          1.          1.
  1.          1.          0.99999987  1.          1.          1.        ]