Criteria: -lndet(H1+H2)
seed = 511
Time[min] = 1.2014386852582295
mu1 = 
[2.69362476 8.09691555]
mu2 = 
[0.90375646 3.2617369 ]
sigma1 = 
[[4.82845934 5.07219467]
 [5.07219467 5.42777454]]
sigma2 = 
[[280.5856075  299.79817687]
 [299.79817687 320.3345236 ]]
X1 = 
[[ 5.52553575  6.56218186  1.65556277  8.33332577 -1.28826704  1.18616224
   4.53584129  5.52094278 -2.68197089  1.40881514  3.42736595  3.66729422
   5.27661269  1.59641676  2.55273743  0.03771283  0.53993804  7.02565155
   0.74781069  3.0685621   3.1884603   2.88356826]
 [11.26765749 11.86266804  7.3846196  14.15366814  3.25285374  7.27031383
  10.04914112 10.81619396  2.43736263  6.60698373  9.00723342  9.15242239
  11.00860448  6.71224662  8.30026341  5.85906715  5.84214152 12.67556611
   5.75886504  8.86704924  8.3476283   7.84637233]]
X2 = 
[[ 1.35236120e+01 -3.91860138e+01 -3.65041375e-02  2.54999633e+01
  -9.73757249e+00 -1.31113556e+00 -2.06649904e+01  2.72672484e+01
  -1.38232191e+01  8.20068650e-01  3.41453167e+01 -2.89323992e+01
  -3.69140827e-01  2.33416776e+01 -6.19038513e+00 -1.05489287e+01
  -1.78145119e+00  1.61232305e+01  2.68106816e+01  3.96651099e+01
   6.18895099e-01  3.94639695e+01]
 [ 1.68105832e+01 -3.96047099e+01  2.22674761e+00  2.97005677e+01
  -8.12125441e+00  8.23197687e-01 -1.97149681e+01  3.14889386e+01
  -1.25299707e+01  3.15984052e+00  3.89440772e+01 -2.87067457e+01
   1.97150577e+00  2.73524117e+01 -4.40092342e+00 -8.92290526e+00
   3.09633822e-01  1.95338087e+01  3.08515478e+01  4.47510751e+01
   2.86084342e+00  4.45330811e+01]]
H1 = 
[[ 176.2313453  -163.25144199]
 [-163.25144199  152.3111075 ]]
H2 = 
[[ 1.78934882e-06 -1.67096582e-06]
 [-1.67096582e-06  1.56056858e-06]]
tail_H1 = 864.0318333894791
tail_H2 = 3.0000218123769518
centre_1 = 
[-0.2454663   2.11447461]
centre_2 = 
[42.9260854  50.39073536]
y = 
[ 1.          1.          1.          1.          1.          0.99999997
  1.          1.          1.          1.          1.          1.
  1.          1.          1.          1.          1.          1.
  1.          1.          1.          1.          1.          1.
  1.          1.          1.          1.          1.          1.
  1.          1.          1.          1.         -0.          1.
  1.          1.          1.          1.          1.          0.99999997
  1.          1.        ]