Criteria: -lndet(H1+H2)
seed = 147
Time[min] = 0.3649197022120158
mu1 = 
[3.66695569 6.32981367]
mu2 = 
[3.86083022 0.74265891]
sigma1 = 
[[4.77930355 6.53651194]
 [6.53651194 9.74213269]]
sigma2 = 
[[450.10162612 668.03564143]
 [668.03564143 991.81748186]]
X1 = 
[[3.77750281 2.91585444 5.72733466 5.41857328 2.51551525 3.98602107
  4.97256203 3.07861712 4.72472162 4.68011229 1.43285221]
 [6.26761322 4.68218486 8.79567216 7.87236292 4.63954199 7.26161108
  6.90439641 7.4116776  6.98220366 8.01214719 3.09224278]]
X2 = 
[[ -3.9731719    7.24696527   3.5649999  -18.84250445   8.14985018
  -19.16834204  38.71993525   6.82233538  42.51856263  -1.93660653
    1.9314253 ]
 [-12.41186163   5.35857746   0.66271196 -32.16339512   6.25814974
  -33.45206316  52.59369197   4.60683799  57.92583232  -8.43207171
   -2.37512587]]
H1 = 
[[0.00282038 0.00269252]
 [0.00269252 0.00257051]]
H2 = 
[[ 94.2570606  -65.88728603]
 [-65.88728603  46.24900312]]
tail_H1 = 0.964220215902963
tail_H2 = 956.7259593157149
centre_1 = 
[ -5.62028399 -13.48064708]
centre_2 = 
[40.72613627 55.4554186 ]
y = 
[-0.00000000e+00 -0.00000000e+00 -0.00000000e+00 -0.00000000e+00
 -0.00000000e+00 -0.00000000e+00 -0.00000000e+00  1.16643149e-08
 -0.00000000e+00 -0.00000000e+00 -0.00000000e+00 -0.00000000e+00
 -0.00000000e+00 -0.00000000e+00 -0.00000000e+00 -0.00000000e+00
 -0.00000000e+00  1.00000000e+00 -0.00000000e+00  1.00000000e+00
 -0.00000000e+00 -0.00000000e+00]