Criteria: -lndet(H1+H2)
seed = 299
Time[min] = 0.21865241527557372
mu1 = 
[2.99554995 4.21482576]
mu2 = 
[5.93622599 4.41587268]
sigma1 = 
[[9.53576779 6.99784066]
 [6.99784066 5.49647893]]
sigma2 = 
[[580.62860686 451.36462139]
 [451.36462139 351.0825805 ]]
X1 = 
[[ 4.32228821  6.10806548  0.56097638  2.67760725 -2.41267564  5.75798458
   5.65321924  7.28355408  2.02289424  2.84562037]
 [ 4.88709435  5.72524188  2.67181949  2.86955025  0.02305914  6.76148134
   5.81736703  7.25787326  3.84522534  2.81261121]]
X2 = 
[[ 36.53157349   8.35067302  12.7313827  -37.09406701  -1.13974321
   38.09552406 -17.85045873  24.34003408 -10.33915769  11.33402592]
 [ 27.74228642   6.24146176   8.80186547 -28.98084281  -1.42929298
   29.31602222 -13.98635906  18.6661097   -8.01805699   8.52362668]]
H1 = 
[[ 415.00350267 -534.51449432]
 [-534.51449432  690.01160581]]
H2 = 
[[ 1.04319778e-07 -1.32521669e-07]
 [-1.32521669e-07  1.70245003e-07]]
tail_H1 = 260.5592209525472
tail_H2 = 2.9999973864645844
centre_1 = 
[2.81303346 2.78116725]
centre_2 = 
[23.8799781  19.89876123]
y = 
[ 1.          1.          1.          1.          1.          0.99999908
  1.          1.          1.         -0.          0.99999989  1.
  0.99999986  0.99999992  1.          1.          1.          1.
  1.          1.        ]