Criteria: -lndet(H1+H2)
seed = 355
Time[min] = 0.45194551944732664
mu1 = 
[2.31229479 4.52086285]
mu2 = 
[6.28781384 1.99337456]
sigma1 = 
[[1.08139107 1.89050023]
 [1.89050023 8.05783252]]
sigma2 = 
[[ 36.90931783 154.37771244]
 [154.37771244 652.86064098]]
X1 = 
[[1.24867542 1.51467096 3.67214239 0.93567656 1.93072215 3.66463949
  3.12113604 3.2203225  2.13889497 2.3185724 ]
 [5.13930189 1.27488779 6.71144341 5.20583813 6.97160303 7.62336422
  8.83396348 4.0024031  0.44394842 8.98022966]]
X2 = 
[[ -0.42944453  -7.92621697  -3.52169657  14.39773072  17.11091752
   12.44904313  -2.819235    14.67305121   7.10880118   0.15226948]
 [-23.42829169 -50.02812468 -37.75989643  39.32501929  48.82131178
   26.07888927 -32.79426678  36.97135021   5.56309956 -23.76650603]]
H1 = 
[[ 6.53956161e-09 -1.74621832e-09]
 [-1.74621832e-09  9.79254080e-10]]
H2 = 
[[ 79.59448341 -18.67133916]
 [-18.67133916   4.89448792]]
tail_H1 = 2.999999264071864
tail_H2 = 319.2571478405234
centre_1 = 
[26.60376934 10.58641785]
centre_2 = 
[3.68106744 7.60374079]
y = 
[-0.00000000e+00 -0.00000000e+00 -0.00000000e+00 -0.00000000e+00
 -0.00000000e+00  1.00000000e+00 -0.00000000e+00 -0.00000000e+00
 -0.00000000e+00 -0.00000000e+00 -0.00000000e+00  7.46603382e-07
  2.65435984e-08 -0.00000000e+00 -0.00000000e+00 -0.00000000e+00
 -0.00000000e+00 -0.00000000e+00 -0.00000000e+00 -0.00000000e+00]