Criteria: -lndet(H1+H2)
seed = 368
Time[min] = 0.23826384941736858
mu1 = 
[4.15159311e+00 7.60180478e-04]
mu2 = 
[0.85172972 3.50072376]
sigma1 = 
[[8.69679013 6.38083945]
 [6.38083945 4.84919673]]
sigma2 = 
[[482.78527993 364.91227962]
 [364.91227962 275.86220123]]
X1 = 
[[ 2.89759923  3.32393325  7.00210154  1.05956092 -1.44058162  5.04216434
   0.49120691  7.16135253  6.22915828  7.53215802  7.75443118]
 [-0.75234629 -1.06648563  2.55524898 -2.65908656 -3.67250326  0.91063915
  -2.39818078  2.23531085  1.15174667  2.90031614  2.40288091]]
X2 = 
[[-3.85476434e+00 -2.35912526e+01  7.57785907e+00  1.03844124e+01
   2.12581921e+01  4.03818142e+01 -1.04261955e+01  4.69189528e+01
   8.98165317e+00 -4.05592451e+00  7.86250894e+00]
 [-1.69570565e-01 -1.51460458e+01  8.50311640e+00  1.06968342e+01
   1.90010476e+01  3.37138620e+01 -5.40306267e+00  3.83616005e+01
   9.97269238e+00  2.63099379e-03  8.88453262e+00]]
H1 = 
[[ 21.96648063 -28.78283531]
 [-28.78283531  37.71435318]]
H2 = 
[[ 4.96631184 -6.70637922]
 [-6.70637922  9.24871797]]
tail_H1 = 303.34068058151666
tail_H2 = 79.26466401657783
centre_1 = 
[32.87905014 27.92866702]
centre_2 = 
[ 3.25314747 -0.54832838]
y = 
[ 1.  1.  1.  1.  1.  1.  1.  1.  1.  1.  1. -0. -0. -0. -0. -0. -0. -0.
 -0. -0. -0. -0.]