Criteria: -lndet(H1+H2)
seed = 303
Time[min] = 1.2847869316736857
mu1 = 
[7.50148423 2.81035071]
mu2 = 
[1.87032784 3.60300426]
sigma1 = 
[[6.87883042 3.8718133 ]
 [3.8718133  2.28056926]]
sigma2 = 
[[197.22769003 114.93293097]
 [114.93293097  67.00089972]]
X1 = 
[[ 7.30969374 10.3407611   6.58891573  7.15732806  7.46384818  6.96024855
   4.82004572 11.41500297  7.96707591 10.67503896  4.78164549  4.91238594
   5.51970904  8.71887443  9.88510642  8.91665126 10.87357837  6.29942001
   8.31775936  6.76324753  7.24056688  8.62808156  8.83952146]
 [ 2.41165946  4.64277355  2.82042187  2.54067308  2.63420692  1.68525705
   0.89049492  5.04812089  2.83767559  4.43569737  0.93653008  1.51178677
   1.5034642   3.58116679  4.3712997   3.82443062  5.03844485  1.96986624
   3.31464732  2.63990655  3.10385544  4.12389748  3.12578269]]
X2 = 
[[-11.96077914 -10.83731075  12.24336771  -4.28406097   2.34318845
    1.82935526   7.03001341 -12.37129551 -25.44175359   1.93687124
   12.95815522   0.34569442  22.39780537  16.96318559  30.41752116
   -3.95030879   1.09940546  -0.96066166  -0.6111805    4.96845088
   15.55215965 -12.8850661   17.50414997]
 [ -4.30641875  -3.62512417   9.58053955   0.06492652   4.06040025
    3.51351912   6.58442973  -4.82078343 -12.31873685   4.09826305
   10.0496128    2.73058885  15.5991021   12.14986509  20.4515377
    0.21123983   3.16608449   2.12994652   2.17555399   5.58975056
   11.74377387  -4.88438815  12.81751083]]
H1 = 
[[ 1.17893839e-07 -2.05030941e-07]
 [-2.05030941e-07  3.58063342e-07]]
H2 = 
[[ 30.16789596 -49.31428482]
 [-49.31428482  87.53988676]]
tail_H1 = 2.999991120950108
tail_H2 = 546.5399484133166
centre_1 = 
[20.7329396   9.69618623]
centre_2 = 
[1.9295837  3.55842249]
y = 
[-0.00000000e+00 -0.00000000e+00 -0.00000000e+00 -0.00000000e+00
 -0.00000000e+00  3.38514599e-08 -0.00000000e+00 -0.00000000e+00
 -0.00000000e+00 -0.00000000e+00 -0.00000000e+00 -0.00000000e+00
 -0.00000000e+00 -0.00000000e+00 -0.00000000e+00 -0.00000000e+00
 -0.00000000e+00 -0.00000000e+00 -0.00000000e+00 -0.00000000e+00
 -0.00000000e+00 -0.00000000e+00 -0.00000000e+00 -0.00000000e+00
 -0.00000000e+00 -0.00000000e+00 -0.00000000e+00 -0.00000000e+00
  1.00000000e+00 -0.00000000e+00 -0.00000000e+00 -0.00000000e+00
 -0.00000000e+00 -0.00000000e+00 -0.00000000e+00 -0.00000000e+00
 -0.00000000e+00  3.61611690e-08 -0.00000000e+00 -0.00000000e+00
 -0.00000000e+00 -0.00000000e+00 -0.00000000e+00 -0.00000000e+00
 -0.00000000e+00 -0.00000000e+00]