Criteria: -lndet(H1+H2)
seed = 277
Time[min] = 1.206718901793162
mu1 = 
[4.8450549  3.26992527]
mu2 = 
[8.01367769 6.72301794]
sigma1 = 
[[4.28086909 4.59886242]
 [4.59886242 4.9594921 ]]
sigma2 = 
[[229.82119585 247.76734625]
 [247.76734625 267.11515404]]
X1 = 
[[ 6.30879617  6.65688206  5.41560323  4.7702418   4.12552848  3.92049413
   4.260019    6.56965044  2.57141165  5.9392404  -0.44350629  3.14701845
   2.39774671  3.33183947  8.15423561  3.31564071  7.82030796  4.51744313
   4.9905271   0.87007618  5.15164349]
 [ 4.76034641  4.97871079  4.26692316  3.05137751  2.51753662  2.41489246
   2.73009543  4.97668084  0.85537558  4.20459256 -2.19275251  1.17352896
   0.75362359  1.66712996  6.72172337  1.48649363  6.5755772   2.86466131
   3.42804444 -0.99883163  3.76052473]]
X2 = 
[[  3.65548815  11.16725826  15.75219836  47.43021967   1.98508327
    0.14435997   8.56604523  14.28996893   6.80671586  18.85904031
   -5.06950251  14.1240495   10.24595734  20.7938339   25.09972861
   11.52347485 -38.05980234  14.17190632  13.7426371   10.34495905
    2.84667831]
 [  2.03113052  10.14334814  15.05813513  49.21468905   0.21004927
   -1.73830595   7.32203619  13.47580649   5.42956279  18.41898142
   -7.37127105  13.30790704   9.14654301  20.50551203  25.16727865
   10.49614135 -42.93684199  13.3689169   12.92338787   9.24596997
    1.16335942]]
H1 = 
[[ 20426.99768114 -18945.19950754]
 [-18945.19950754  17571.79466584]]
H2 = 
[[ 2.09209159e-06 -1.94038065e-06]
 [-1.94038065e-06  1.79973898e-06]]
tail_H1 = 64061.39495568912
tail_H2 = 3.0000075188689004
centre_1 = 
[3.79089746 2.17809115]
centre_2 = 
[28.71979828 28.84715091]
y = 
[ 1.          1.          0.99999998  1.          1.          1.
  1.          1.          1.          1.          1.          1.
  1.          1.          1.          1.          1.          1.
  1.          1.          1.         -0.          1.          1.
  0.99999999  1.          1.          1.          1.          1.
  1.          1.          1.          1.          1.          1.
  1.          1.          1.          1.          1.          1.        ]