Criteria: -lndet(H1+H2)
seed = 498
Time[min] = 1.0824233015378317
mu1 = 
[2.09053664 0.83578885]
mu2 = 
[2.95233625 3.46293914]
sigma1 = 
[[4.84355934 6.65497668]
 [6.65497668 9.21718468]]
sigma2 = 
[[466.34721328 645.63526532]
 [645.63526532 893.85364829]]
X1 = 
[[ 3.61946976  0.1962459   0.52926417 -1.87468949  2.56188806 -1.08394133
  -2.60331727  3.96214894  3.69883294  2.44929447  1.79498175  5.43326023
   2.54248635  3.61178922  2.39228552  1.42165709 -1.29034349  2.71729456
  -0.11590838  3.91677649  1.51322857]
 [ 2.85042119 -1.82025971 -1.48741974 -5.10499526  1.63970179 -3.17067589
  -6.00549884  3.56825945  3.00809654  1.52038978  0.72557926  5.16841295
   1.65004397  2.79886216  1.52995126 -0.71781936 -3.76713332  1.91053441
  -2.32077215  3.01640174 -0.21651682]]
X2 = 
[[-34.20833325   3.83203736   4.30630724 -39.17454862  -7.71893289
   -5.60915744  13.32236558  21.20610717 -22.98540787  12.78447216
   -9.37323689   2.7643784  -18.62236581  37.74619093   0.77504844
   -3.47367063  17.18198896  40.45205679 -11.63289602  11.88122538
   -5.1837822 ]
 [-48.02443566   4.65422723   5.32427565 -54.92099013 -11.36728204
   -8.35210833  17.81325305  28.71933774 -32.4013657   17.12624592
  -13.66836443   3.20277218 -26.48605896  51.65508567   0.55258854
   -5.49237228  23.14089699  55.38470656 -16.70703635  15.89466029
   -7.81922185]]
H1 = 
[[ 1882.40237018 -1357.32420003]
 [-1357.32420003   979.04007955]]
H2 = 
[[ 6.42630164e-07 -4.72494076e-07]
 [-4.72494076e-07  3.47674541e-07]]
tail_H1 = 2707.673510594345
tail_H2 = 2.999996720493262
centre_1 = 
[-1.07358005 -3.15028019]
centre_2 = 
[10.74240365 13.91379987]
y = 
[ 1.          1.          1.          1.          1.         -0.
  1.          1.          1.          1.          1.          1.
  1.          1.          1.          1.          1.          1.
  1.          1.          1.          1.          1.          1.
  0.99999997  1.          1.          1.          1.          1.
  1.          1.          1.          1.          1.          1.
  1.          1.          0.99999997  1.          1.          1.        ]