Criteria: -lndet(H1+H2)
seed = 524
Time[min] = 0.9858856678009034
mu1 = 
[6.18686912 3.92587068]
mu2 = 
[4.41622385 6.96113446]
sigma1 = 
[[8.31306583 5.19820363]
 [5.19820363 3.45052618]]
sigma2 = 
[[339.32027369 222.57838613]
 [222.57838613 146.08263   ]]
X1 = 
[[10.73267639  6.49711983  6.62267589  7.11760502  8.99972786  5.5003289
   6.960571    5.91348548  5.67708729 11.6985206   6.8197004   6.24296571
   9.98023728  4.50528421  8.26668331  2.56668455  3.87656987  5.86829703
   8.09606267  5.0289739   3.87485524  8.608282    2.83619163]
 [ 7.08734929  4.14148004  4.83057647  3.85532037  5.30397106  3.55192728
   4.42679475  3.43445682  3.27389656  7.80720116  4.80076446  4.06926689
   5.46440912  2.91317963  5.12378756  1.69453161  3.40898506  3.87182067
   4.83403971  3.83074726  2.95722443  6.55009311  2.68731064]]
X2 = 
[[ 45.01566607  -3.93447992   8.06443551 -35.19702055 -22.56194676
   28.27548919  11.88352919   5.30715102  15.00386978 -16.61451741
   15.65649268 -17.31398119  18.85696015   8.13178351   5.7471555
  -33.73046114  31.55215465  10.96007494  25.34112775   6.88511125
  -10.51425151 -20.56505604  30.42699089]
 [ 33.51910629   1.29053535   8.997954   -19.32764201 -10.90744474
   22.23591843  11.58231431   7.29727811  13.8996834   -6.80193066
   14.46153888  -7.15746319  16.7296183    9.25829672   8.37200756
  -18.3115227   24.86960761  11.07981686  20.72715371   8.47338651
   -2.97060427  -9.31244004  23.85161861]]
H1 = 
[[ 36.2963494  -54.55024625]
 [-54.55024625  84.81027531]]
H2 = 
[[ 1.94491781e-07 -2.97450417e-07]
 [-2.97450417e-07  4.57208504e-07]]
tail_H1 = 1304.2974891437461
tail_H2 = 2.9999758167048447
centre_1 = 
[5.20050962 7.21258957]
centre_2 = 
[32.06807223 18.42143059]
y = 
[ 1.         1.         1.         1.         1.         1.
  1.         1.         1.         1.         1.         1.
  0.9999999  1.         1.         1.         1.         1.
  1.         1.         1.         1.         1.         1.
  1.         1.         0.9999999  1.         1.         1.
 -0.         1.         1.         1.         1.         1.
  1.         1.         1.         1.         1.         1.
  1.         1.         1.         1.       ]