Criteria: -lndet(H1+H2)
seed = 342
Time[min] = 0.19611960649490356
mu1 = 
[0.65034397 8.2231422 ]
mu2 = 
[4.32534613 3.76217726]
sigma1 = 
[[3.32906114 1.88925327]
 [1.88925327 1.90272137]]
sigma2 = 
[[46.7754273  42.2366653 ]
 [42.2366653  39.77276387]]
X1 = 
[[-0.2606724  -0.17391608  1.81787783  3.42418381  0.32839595 -0.85201906
  -1.37973234 -0.54716579 -0.39596785]
 [ 8.19975227  7.18624282  9.19685472  9.45428053  9.47268924  7.32296494
   7.79679089  7.05795205  7.22210387]]
X2 = 
[[ 2.89918716  2.39179509  2.18816005  9.588951    8.5120578   8.93614247
  -2.66265113  8.10269494 10.78242522]
 [ 1.11054869  1.6311216   1.01139711  7.70076202  9.51791379  8.23253497
  -3.55102876  5.93938776  7.45789097]]
H1 = 
[[ 3.33245240e-08 -3.47395831e-08]
 [-3.47395831e-08  6.15650060e-08]]
H2 = 
[[ 31.61988147 -10.81470445]
 [-10.81470445  24.83977634]]
tail_H1 = 2.999994364718412
tail_H2 = 168.9641088754524
centre_1 = 
[-26.8510576    7.71858769]
centre_2 = 
[2.41060522 1.67175532]
y = 
[-0.00000000e+00 -0.00000000e+00 -0.00000000e+00 -0.00000000e+00
  1.41849902e-07 -0.00000000e+00 -0.00000000e+00 -0.00000000e+00
 -0.00000000e+00 -0.00000000e+00  1.00000000e+00 -0.00000000e+00
 -0.00000000e+00 -0.00000000e+00 -0.00000000e+00 -0.00000000e+00
 -0.00000000e+00  1.51978564e-07]