Criteria: -lndet(H1+H2)
seed = 222
Time[min] = 0.5160918990770976
mu1 = 
[5.26028426 6.85317185]
mu2 = 
[7.60569419 2.24304617]
sigma1 = 
[[4.97244149 1.20873343]
 [1.20873343 0.32593126]]
sigma2 = 
[[39.33553944  9.9499963 ]
 [ 9.9499963   2.52334834]]
X1 = 
[[5.01464249 3.22080005 8.53528643 1.82165534 5.82767676 6.68745367
  2.80865163 4.27831827 5.12739414 7.24439375 2.38038191 4.71309019
  7.51040789 7.43538984 3.99030489 0.89131483 5.15010547]
 [6.76400194 6.36228443 7.54660263 5.92891468 6.69790719 7.06824636
  6.15968249 6.68416559 6.96846994 7.42338147 6.04979545 6.74175654
  7.24692449 7.27249437 6.23429606 6.14170718 6.95548071]]
X2 = 
[[12.9894854   1.25814173  8.15152798  5.19921583 12.89512923 10.27996783
  13.3131228  11.05710537  3.8026631  11.92339888 18.79141058  8.17422192
   4.8752142   4.55040602  9.55615179 -3.00339857 -7.72086589]
 [ 3.53401235  0.61173648  2.32082754  1.62767917  3.54238627  2.93031389
   3.76333937  3.18303126  1.29210577  3.2847338   4.90873575  2.44541129
   1.52592989  1.39616168  2.66378171 -0.38479961 -1.58127292]]
H1 = 
[[  3.84471446 -15.66615928]
 [-15.66615928  64.11631878]]
H2 = 
[[ 1.27880156 -5.81119369]
 [-5.81119369 29.97559971]]
tail_H1 = 7.710004204326623
tail_H2 = 1002.8969888153301
centre_1 = 
[5.49409576 1.67756314]
centre_2 = 
[4.40637765 6.6299216 ]
y = 
[ 1.  1.  1.  1.  1.  1.  1.  1.  1.  1.  1.  1.  1.  1.  1.  1.  1. -0.
 -0. -0. -0. -0. -0. -0. -0. -0. -0. -0. -0. -0. -0. -0. -0. -0.]