Criteria: -lndet(H1+H2)
seed = 430
Time[min] = 1.473642683029175
mu1 = 
[1.55934857 6.89859928]
mu2 = 
[3.15526978 6.26301631]
sigma1 = 
[[8.34997825 1.7509554 ]
 [1.7509554  0.37248022]]
sigma2 = 
[[100.3805849   21.14240198]
 [ 21.14240198   4.45325993]]
X1 = 
[[ 0.99334787 -2.06511511  2.87472124  2.27997134  1.39802909  4.40947894
   2.01952242 -1.21927872 -0.429913    9.56598046  2.67068128  4.56060309
   5.18240032  4.39000553  8.35639587 -3.69747857  2.32139261  2.18320901
  -1.55136158  0.80890966  3.88778978 -0.9559455 ]
 [ 6.86019627  6.20561722  7.22245969  7.06211134  6.83525169  7.5826128
   6.92072048  6.43513448  6.52103231  8.55647489  7.17210395  7.52765483
   7.59304017  7.41635628  8.39363051  5.74458816  7.20485558  7.08454291
   6.25678126  6.76527235  7.38823467  6.33199898]]
X2 = 
[[-20.20020918   2.69004284   0.70157027   2.68265487  11.0984193
  -10.46844009   4.60371473 -16.3808314   -2.2475701  -11.00221309
   -3.27668751  11.97022332  -3.48732977   5.54362828   6.71120837
   -4.17013759   7.11335366  20.07954685   0.10598588  17.32367313
    1.41060749  -7.35199578]
 [  1.33928208   6.15134382   5.73932574   6.17579309   7.9150102
    3.4043565    6.55430407   2.1307747    5.15911558   3.26391703
    4.92143602   8.11443681   4.88462562   6.77280016   7.01817087
    4.73235579   7.10863269   9.83693548   5.5930482    9.24269222
    5.88854475   4.04561489]]
H1 = 
[[ 1.27855011e-06 -6.07637383e-06]
 [-6.07637383e-06  2.88907643e-05]]
H2 = 
[[  78.46526251 -343.97598506]
 [-343.97598506 1601.30225353]]
tail_H1 = 3.0012991537948133
tail_H2 = 50082.07914567416
centre_1 = 
[-0.97694488  6.6189296 ]
centre_2 = 
[0.64424735 5.73060032]
y = 
[-0.00000000e+00 -0.00000000e+00 -0.00000000e+00 -0.00000000e+00
 -0.00000000e+00 -0.00000000e+00 -0.00000000e+00 -0.00000000e+00
 -0.00000000e+00 -0.00000000e+00 -0.00000000e+00 -0.00000000e+00
 -0.00000000e+00 -0.00000000e+00 -0.00000000e+00 -0.00000000e+00
  4.92053402e-08 -0.00000000e+00 -0.00000000e+00 -0.00000000e+00
 -0.00000000e+00 -0.00000000e+00  5.39242683e-08 -0.00000000e+00
  1.00000000e+00 -0.00000000e+00 -0.00000000e+00 -0.00000000e+00
 -0.00000000e+00 -0.00000000e+00 -0.00000000e+00 -0.00000000e+00
 -0.00000000e+00 -0.00000000e+00 -0.00000000e+00 -0.00000000e+00
 -0.00000000e+00 -0.00000000e+00 -0.00000000e+00 -0.00000000e+00
 -0.00000000e+00 -0.00000000e+00 -0.00000000e+00 -0.00000000e+00]